#r(1)	npart(2)	M_in_r(3)	ovdens(4)	dens(5)	vcirc(6)	vesc(7)	sigv(8)	Lx(9)	Ly(10)	Lz(11)	b(12)	c(13)	Eax(14)	Eay(15)	Eaz(16)	Ebx(17)	Eby(18)	Ebz(19)	Ecx(20)	Ecy(21)	Ecz(22)	Ekin(23)	Epot(24)	M_gas(25)	M_star(26)	U_gas(27)	
 -4.6148	         4	3.250467e+09	    72399.06	    72399.06	   78.03	1161.318134	  188.97	  -8.463e+07	  -2.436e+08	  -1.028e+08	  0.000000	  0.000000	  0.000000	  0.000000	  0.000000	  0.000000	  0.000000	  0.000000	  0.000000	  0.000000	  0.000000	5.803773e+13	-1.098050e+15	0.000000e+00	0.000000e+00	0.000000e+00
 -5.7662	         7	5.688317e+09	    64946.84	    57109.01	   92.35	1159.950198	  220.30	   4.723e+08	   4.701e+07	   9.396e+08	  0.000000	  0.000000	  0.000000	  0.000000	  0.000000	  0.000000	  0.000000	  0.000000	  0.000000	  0.000000	  0.000000	1.380326e+14	-1.918678e+15	0.000000e+00	0.000000e+00	0.000000e+00
 -7.2049	        15	1.218925e+10	    71340.86	    78065.73	  120.94	1157.830050	  310.65	   1.007e+09	   4.471e+08	   3.055e+09	  0.929587	  0.867129	 -0.215200	  0.030438	  0.976096	 -0.591142	  0.791532	 -0.155011	  0.777329	  0.610369	  0.152344	5.881364e+14	-4.101348e+15	0.000000e+00	0.000000e+00	0.000000e+00
 -9.0025	        26	2.112804e+10	    63388.07	    55023.76	  142.44	1154.578933	  315.72	    -2.1e+09	   1.594e+09	   5.079e+09	  0.935668	  0.805669	 -0.497616	  0.724135	  0.477500	  0.645899	  0.676783	 -0.353242	  0.578959	 -0.132638	  0.804496	1.052986e+15	-7.087882e+15	0.000000e+00	0.000000e+00	0.000000e+00
-11.2487	        44	3.575514e+10	    54988.76	    46154.83	  165.77	1150.083416	  336.10	   1.552e+09	  -6.717e+08	  -1.033e+09	  0.963644	  0.875048	 -0.326573	  0.177443	  0.928366	  0.734005	 -0.571200	  0.367379	  0.595471	  0.801402	  0.056294	2.019512e+15	-1.194412e+16	0.000000e+00	0.000000e+00	0.000000e+00
-14.0553	        75	6.094626e+10	    48047.37	    40746.79	  193.61	1143.604044	  340.43	   9.089e+09	  -9.624e+09	   4.964e+09	  0.888615	  0.809575	 -0.154721	  0.692269	 -0.704859	 -0.240157	  0.665696	  0.706522	  0.958325	  0.278590	  0.063256	3.531697e+15	-2.022896e+16	0.000000e+00	0.000000e+00	0.000000e+00
-17.5621	       129	1.048276e+11	    42362.84	    36384.18	  227.16	1135.295385	  380.23	   3.264e+10	  -1.044e+10	   9.534e+09	  0.912184	  0.874477	 -0.190788	  0.729352	 -0.656998	 -0.226989	  0.618373	  0.752390	  0.955027	  0.292678	  0.047577	7.577822e+15	-3.446422e+16	0.000000e+00	0.000000e+00	0.000000e+00
-21.9439	       190	1.543972e+11	    31984.24	    21068.60	  246.63	1123.882755	  386.01	   2.953e+10	   8.275e+09	   1.841e+10	  0.961834	  0.916677	  0.013321	 -0.331229	  0.943456	 -0.288299	  0.902198	  0.320815	  0.957448	  0.276271	  0.083474	1.150268e+16	-5.028276e+16	0.000000e+00	0.000000e+00	0.000000e+00
-27.4190	       265	2.153434e+11	    22867.33	    13278.66	  260.57	1111.227926	  395.94	   3.536e+10	   1.225e+10	   2.286e+10	  0.947310	  0.890542	 -0.302105	 -0.526792	  0.794495	  0.567153	  0.570559	  0.593969	  0.766205	 -0.630042	 -0.126402	1.687962e+16	-6.931861e+16	0.000000e+00	0.000000e+00	0.000000e+00
 34.2602	       403	3.274846e+11	    17826.32	    12524.46	  287.46	1096.226277	  421.74	   3.095e+10	   4.507e+10	   6.509e+10	  0.902393	  0.805256	  0.439621	 -0.494606	  0.749732	  0.454016	  0.842599	  0.289649	  0.774985	 -0.213055	 -0.594983	2.912340e+16	-1.034344e+17	0.000000e+00	0.000000e+00	0.000000e+00
 42.8082	       564	4.583159e+11	    12788.59	     7490.19	  304.23	1078.511270	  436.66	   6.566e+10	    1.44e+11	   1.921e+11	  0.891335	  0.790904	 -0.644333	  0.519193	 -0.561492	  0.556404	  0.821973	  0.121556	 -0.524642	  0.234094	  0.818505	4.369429e+16	-1.420689e+17	0.000000e+00	0.000000e+00	0.000000e+00
 53.4890	       796	6.468429e+11	     9252.18	     5532.76	  323.33	1058.041816	  471.66	   2.013e+11	   5.358e+11	   6.303e+11	  0.823842	  0.800445	  0.625084	 -0.479259	  0.616101	  0.731659	  0.634732	 -0.248576	 -0.271927	  0.606157	  0.747415	7.195046e+16	-1.958245e+17	0.000000e+00	0.000000e+00	0.000000e+00
 66.8348	      1139	9.255705e+11	     6786.43	     4193.10	  346.00	1034.551360	  506.76	   9.457e+11	   1.303e+12	   1.487e+12	  0.868055	  0.807558	  0.558362	 -0.594047	  0.579086	 -0.653551	  0.114968	  0.748100	  0.510983	  0.796172	  0.324046	1.188467e+17	-2.719533e+17	0.000000e+00	0.000000e+00	0.000000e+00
 83.5103	      1588	1.290435e+12	     4850.15	     2813.68	  365.49	1006.882247	  543.60	   2.192e+12	   2.513e+12	   3.241e+12	  0.923812	  0.812966	 -0.537292	  0.705241	 -0.462551	 -0.526924	  0.147534	  0.837009	  0.658535	  0.693447	  0.292339	1.906641e+17	-3.669285e+17	0.000000e+00	0.000000e+00	0.000000e+00
104.3464	      2154	1.750377e+12	     3372.39	     1818.16	  380.81	975.581976	  553.02	   2.508e+12	   3.467e+12	   5.734e+12	  0.880437	  0.821544	 -0.561657	  0.676185	 -0.476776	 -0.375719	  0.304962	  0.875119	  0.737141	  0.670651	  0.082771	2.676592e+17	-4.798092e+17	0.000000e+00	0.000000e+00	0.000000e+00
130.3813	      2825	2.295642e+12	     2267.24	     1104.91	  390.14	940.905155	  558.18	    1.63e+12	   3.686e+12	   8.321e+12	  0.869801	  0.783870	 -0.490500	  0.667110	 -0.560690	 -0.366817	  0.425573	  0.827244	  0.790477	  0.611434	  0.035964	3.576230e+17	-6.048959e+17	0.000000e+00	0.000000e+00	0.000000e+00
162.9120	      3698	3.005057e+12	     1521.36	      736.89	  399.33	903.534168	  557.84	  -1.742e+12	   3.804e+12	   1.344e+13	  0.829037	  0.753390	 -0.539788	  0.615385	 -0.574395	 -0.075254	  0.644332	  0.761034	  0.838431	  0.454022	 -0.301492	4.675572e+17	-7.554355e+17	0.000000e+00	0.000000e+00	0.000000e+00
203.5591	      5309	4.314182e+12	     1119.61	      697.06	  428.04	860.794432	  554.45	   -1.58e+13	  -2.468e+12	   2.902e+13	  0.700845	  0.616215	  0.669415	 -0.387796	  0.633639	 -0.088214	  0.805410	  0.586117	  0.737633	  0.448251	 -0.504944	6.631107e+17	-1.009142e+18	0.000000e+00	0.000000e+00	0.000000e+00
254.3479	      7138	5.800458e+12	      771.64	      405.67	  444.01	809.479514	  545.43	   -3.11e+13	  -1.086e+13	   4.358e+13	  0.682742	  0.611501	  0.708814	 -0.384012	  0.591707	 -0.135763	  0.748880	  0.648650	  0.692207	  0.540104	 -0.478682	8.628144e+17	-1.269212e+18	0.000000e+00	0.000000e+00	0.000000e+00
317.8088	      9061	7.363120e+12	      502.12	      218.64	  447.53	752.500062	  535.44	  -4.489e+13	  -1.853e+13	   5.844e+13	  0.694713	  0.627002	  0.724190	 -0.414731	  0.550951	 -0.045313	  0.768598	  0.638126	  0.688110	  0.487089	 -0.537818	1.055476e+18	-1.507938e+18	0.000000e+00	0.000000e+00	0.000000e+00
397.1033	     11304	9.185820e+12	      321.10	      130.73	  447.18	690.862029	  525.98	  -6.158e+13	  -4.733e+13	   6.792e+13	  0.663581	  0.604750	  0.691416	 -0.375569	  0.617164	  0.034542	  0.870466	  0.491015	 -0.721631	 -0.318177	  0.614827	1.270635e+18	-1.744543e+18	0.000000e+00	0.000000e+00	0.000000e+00
496.1957	     13730	1.115723e+13	      199.91	       72.47	  440.89	623.518367	  515.37	  -8.022e+13	  -1.021e+14	   7.566e+13	  0.643353	  0.576285	  0.684176	 -0.307568	  0.661290	  0.034916	  0.919499	  0.391538	 -0.728481	 -0.244791	  0.639838	1.481695e+18	-1.958937e+18	0.000000e+00	0.000000e+00	0.000000e+00
-11.8527	        10	8.126168e+09	    10682.47	    10682.47	   76.99	678.189588	  329.92	   2.097e+09	   3.289e+09	   1.927e+09	  0.000000	  0.000000	  0.000000	  0.000000	  0.000000	  0.000000	  0.000000	  0.000000	  0.000000	  0.000000	  0.000000	4.422446e+14	-9.361622e+14	0.000000e+00	0.000000e+00	0.000000e+00
-14.4934	        18	1.462710e+10	    10516.93	    10317.08	   93.41	675.935280	  314.84	   1.802e+09	   2.808e+09	   3.132e+08	  0.645641	  0.559319	 -0.544950	  0.713837	 -0.439849	  0.300055	  0.655874	  0.692674	  0.782941	  0.245494	 -0.571608	7.249317e+14	-1.680638e+15	0.000000e+00	0.000000e+00	0.000000e+00
-17.7224	        33	2.681635e+10	    10545.69	    10580.41	  114.37	672.489409	  307.79	   1.204e+10	   -1.15e+09	   1.478e+09	  0.851375	  0.754205	 -0.441492	  0.614419	 -0.653891	  0.202059	  0.778122	  0.594725	  0.874218	  0.130442	 -0.467683	1.270207e+15	-3.066581e+15	0.000000e+00	0.000000e+00	0.000000e+00
-21.6707	        56	4.550654e+10	     9788.00	     8873.27	  134.73	668.557081	  294.65	   1.304e+10	  -2.984e+09	   1.517e+09	  0.818372	  0.672524	 -0.520868	  0.687938	 -0.505408	  0.177644	  0.666456	  0.724071	  0.834949	  0.287363	 -0.469344	1.975455e+15	-5.163765e+15	0.000000e+00	0.000000e+00	0.000000e+00
-26.4987	        96	7.801121e+10	     9177.44	     8440.35	  159.53	662.004041	  292.79	   5.446e+09	   1.484e+10	   2.288e+09	  0.792914	  0.717171	  0.442652	 -0.347809	  0.826492	 -0.132320	  0.886284	  0.443839	  0.886877	  0.305828	 -0.346293	3.343838e+15	-8.758394e+15	0.000000e+00	0.000000e+00	0.000000e+00
-32.4024	       151	1.227051e+11	     7895.36	     6347.58	  180.93	653.260619	  295.42	   1.264e+10	   3.142e+10	   8.246e+09	  0.773679	  0.710109	  0.279525	 -0.594245	  0.754148	 -0.271121	  0.704640	  0.655725	  0.921064	  0.387756	 -0.035852	5.354518e+15	-1.358343e+16	0.000000e+00	0.000000e+00	0.000000e+00
 39.6213	       237	1.925902e+11	     6777.79	     5428.61	  204.99	641.788249	  297.63	  -1.769e+10	   2.197e+10	  -2.481e+10	  0.738110	  0.653164	  0.145068	 -0.645594	  0.749775	 -0.029731	  0.754605	  0.655505	  0.988975	  0.117385	 -0.090275	8.529995e+15	-2.089701e+16	0.000000e+00	0.000000e+00	0.000000e+00
 48.4485	       372	3.022934e+11	     5818.72	     4660.89	  232.25	626.529309	  289.57	   1.997e+10	   2.586e+10	  -6.314e+10	  0.717619	  0.627298	  0.112233	 -0.672572	  0.731472	  0.305345	  0.723850	  0.618713	  0.945605	 -0.153911	 -0.286606	1.267357e+16	-3.192868e+16	0.000000e+00	0.000000e+00	0.000000e+00
 59.2423	       497	4.038705e+11	     4251.92	     2360.42	  242.76	608.176248	  291.00	  -5.668e+10	    1.61e+10	  -7.909e+10	  0.675006	  0.612129	  0.144003	 -0.626090	  0.766338	  0.459343	  0.728217	  0.508630	  0.876509	 -0.278768	 -0.392455	1.710031e+16	-4.161079e+16	0.000000e+00	0.000000e+00	0.000000e+00
 72.4409	       685	5.566425e+11	     3205.27	     1941.70	  257.73	586.852529	  296.37	   -5.96e+10	  -9.585e+09	  -3.076e+10	  0.648163	  0.596430	  0.161409	 -0.641994	  0.749528	  0.016320	  0.761119	  0.648407	  0.986753	  0.092426	 -0.133329	2.444630e+16	-5.527550e+16	0.000000e+00	0.000000e+00	0.000000e+00
 88.5800	       863	7.012883e+11	     2208.66	     1005.52	  261.61	563.257056	  297.72	  -1.339e+11	   7.623e+09	  -3.432e+10	  0.698425	  0.634943	  0.147562	 -0.612160	  0.776843	  0.059521	  0.789514	  0.610839	  0.987260	  0.043898	 -0.152939	3.108094e+16	-6.723072e+16	0.000000e+00	0.000000e+00	0.000000e+00
108.3147	      1096	8.906280e+11	     1534.17	      719.90	  266.61	537.694472	  301.59	  -4.485e+11	   -5.24e+10	  -1.753e+10	  0.700785	  0.646473	  0.170554	 -0.606247	  0.776773	  0.102629	  0.794965	  0.597911	  0.979989	  0.022257	 -0.197803	4.050553e+16	-8.155760e+16	0.000000e+00	0.000000e+00	0.000000e+00
132.4461	      1420	1.153916e+12	     1087.17	      547.52	  274.44	509.576707	  301.54	  -7.103e+11	  -1.418e+11	    5.99e+10	  0.702703	  0.623157	  0.173634	 -0.652727	  0.737427	  0.064797	  0.754750	  0.652804	  0.982676	  0.065565	 -0.173345	5.245957e+16	-9.960563e+16	0.000000e+00	0.000000e+00	0.000000e+00
161.9537	      1779	1.445645e+12	      744.95	      331.82	  277.79	478.455442	  297.22	  -1.051e+12	  -4.887e+11	   1.687e+10	  0.715360	  0.620906	  0.179373	 -0.675471	  0.715237	  0.089069	  0.735193	  0.671980	  0.979741	  0.056829	 -0.192037	6.385528e+16	-1.174134e+17	0.000000e+00	0.000000e+00	0.000000e+00
198.0353	      2172	1.765004e+12	      497.46	      198.67	  277.57	444.595559	  291.62	  -1.446e+12	  -7.178e+11	    8.36e+09	  0.721398	  0.589742	  0.115851	 -0.671010	  0.732341	  0.074279	  0.741094	  0.667279	  0.990485	  0.022907	 -0.135699	7.505228e+16	-1.344501e+17	0.000000e+00	0.000000e+00	0.000000e+00
242.1556	      2572	2.090050e+12	      322.19	      110.60	  273.15	408.853572	  287.87	  -2.014e+12	  -4.388e+11	   5.469e+11	  0.699924	  0.586456	  0.151301	 -0.684460	  0.713178	  0.012271	  0.722729	  0.691023	  0.988412	  0.095801	 -0.117749	8.660149e+16	-1.493001e+17	0.000000e+00	0.000000e+00	0.000000e+00
296.1189	      2912	2.366340e+12	      199.49	       51.40	  262.83	371.712462	  285.19	  -2.263e+12	   1.351e+11	   1.599e+12	  0.718170	  0.600958	 -0.152561	  0.696630	 -0.701022	  0.005330	  0.709895	  0.704287	  0.988280	  0.103710	 -0.112015	9.622916e+16	-1.598750e+17	0.000000e+00	0.000000e+00	0.000000e+00
 -5.1027	         9	7.313551e+09	   120494.34	   120494.34	  111.31	751.897516	  247.06	  -1.305e+09	  -1.595e+08	   9.795e+08	  0.000000	  0.000000	  0.000000	  0.000000	  0.000000	  0.000000	  0.000000	  0.000000	  0.000000	  0.000000	  0.000000	2.232032e+14	-1.048397e+15	0.000000e+00	0.000000e+00	0.000000e+00
 -6.5731	         9	7.313551e+09	    56371.24	        0.00	   98.07	751.897516	  247.06	  -1.305e+09	  -1.595e+08	   9.795e+08	  0.000000	  0.000000	  0.000000	  0.000000	  0.000000	  0.000000	  0.000000	  0.000000	  0.000000	  0.000000	  0.000000	2.232032e+14	-1.048397e+15	0.000000e+00	0.000000e+00	0.000000e+00
 -8.4672	        15	1.218925e+10	    43953.89	    33037.67	  111.56	748.510437	  269.83	  -7.402e+08	   9.569e+08	  -9.519e+08	  0.794481	  0.773268	  0.200176	  0.944663	  0.259888	  0.185346	 -0.296979	  0.936723	  0.962069	 -0.139340	 -0.234537	4.437369e+14	-1.733628e+15	0.000000e+00	0.000000e+00	0.000000e+00
-10.9071	        22	1.787757e+10	    30159.19	    18032.14	  119.04	743.977034	  281.41	   2.244e+09	    2.17e+09	   9.288e+07	  0.810886	  0.641125	  0.222065	  0.944256	 -0.243037	 -0.173895	  0.283619	  0.943038	  0.959400	 -0.167152	  0.227183	7.078990e+14	-2.523578e+15	0.000000e+00	0.000000e+00	0.000000e+00
-14.0501	        42	3.412990e+10	    26936.26	    24102.94	  144.91	736.968293	  299.87	  -1.505e+09	   3.801e+09	   8.668e+08	  0.976639	  0.843089	 -0.455421	  0.080434	  0.886635	 -0.084669	  0.987483	 -0.133073	  0.886241	  0.135675	  0.442910	1.534531e+15	-4.756669e+15	0.000000e+00	0.000000e+00	0.000000e+00
-18.0988	        82	6.663457e+10	    24603.27	    22552.31	  178.40	730.294095	  317.02	  -6.676e+09	   1.791e+10	  -1.362e+10	  0.908411	  0.790039	  0.772078	  0.634923	 -0.027721	 -0.403039	  0.522896	  0.751093	 -0.491381	  0.568729	 -0.659615	3.348532e+15	-9.124879e+15	0.000000e+00	0.000000e+00	0.000000e+00
-23.3141	       147	1.194547e+11	    20634.18	    17144.92	  210.46	715.969171	  319.99	  -1.979e+10	   1.185e+10	  -2.106e+10	  0.929225	  0.741118	  0.823004	  0.491432	  0.284883	 -0.337615	  0.019866	  0.941075	 -0.456815	  0.870689	 -0.182265	6.115769e+15	-1.604300e+16	0.000000e+00	0.000000e+00	0.000000e+00
 30.0323	       242	1.966533e+11	    15891.91	    11722.94	  237.92	698.301367	  321.07	   -7.82e+09	   2.334e+10	  -3.621e+10	  0.885793	  0.770987	  0.639395	  0.505404	  0.579432	 -0.576061	 -0.184235	  0.796374	 -0.509242	  0.842985	 -0.173344	1.013582e+16	-2.570911e+16	0.000000e+00	0.000000e+00	0.000000e+00
 38.6864	       355	2.884789e+11	    10906.37	     6523.53	  253.90	676.125861	  324.70	  -2.576e+10	   4.181e+10	  -1.385e+10	  0.866870	  0.736333	  0.716104	  0.467781	  0.518050	 -0.494658	 -0.183528	  0.849489	 -0.492452	  0.864580	 -0.099967	1.520710e+16	-3.653645e+16	0.000000e+00	0.000000e+00	0.000000e+00
 49.8342	       534	4.339373e+11	     7675.10	     4834.46	  274.36	649.369847	  332.59	   3.776e+10	   2.078e+10	   2.119e+09	  0.880155	  0.707897	  0.835358	  0.447937	  0.318637	 -0.354419	 -0.004207	  0.935077	 -0.420196	  0.894055	 -0.155243	2.399994e+16	-5.251314e+16	0.000000e+00	0.000000e+00	0.000000e+00
 64.1944	       726	5.899598e+11	     4881.69	     2425.98	  281.86	618.705296	  339.89	   6.248e+10	   2.857e+10	   8.416e+10	  0.917378	  0.750201	  0.709914	  0.425958	  0.560876	 -0.567822	 -0.124965	  0.813611	 -0.416654	  0.896071	 -0.153154	3.407860e+16	-6.814337e+16	0.000000e+00	0.000000e+00	0.000000e+00
 82.6926	       962	7.817373e+11	     3026.21	     1395.05	  285.87	584.197083	  345.22	   1.204e+11	  -4.427e+10	   2.527e+11	  0.868631	  0.732594	  0.463130	  0.382921	  0.799301	  0.819562	  0.158277	 -0.550696	 -0.337384	  0.910121	 -0.240525	4.658206e+16	-8.548905e+16	0.000000e+00	0.000000e+00	0.000000e+00
106.5213	      1311	1.065341e+12	     1929.38	      965.15	  294.04	546.835029	  347.04	   7.123e+11	  -7.083e+11	   7.095e+11	  0.843656	  0.713085	  0.415367	  0.483926	  0.770250	  0.799749	  0.209196	 -0.562707	 -0.433442	  0.849737	 -0.300126	6.415176e+16	-1.081461e+17	0.000000e+00	0.000000e+00	0.000000e+00
137.2164	      1696	1.378198e+12	     1167.70	      498.10	  294.67	505.326444	  345.25	   1.332e+12	  -1.211e+12	   1.415e+12	  0.859957	  0.706859	  0.429378	  0.530775	  0.730693	  0.776544	  0.196101	 -0.598769	 -0.461101	  0.824513	 -0.327969	8.214083e+16	-1.298018e+17	0.000000e+00	0.000000e+00	0.000000e+00
176.7567	      2081	1.691055e+12	      670.30	      233.03	  287.59	460.881662	  336.91	    1.69e+12	  -1.644e+12	    1.97e+12	  0.918868	  0.735519	  0.587228	  0.492548	  0.642308	 -0.713185	 -0.060429	  0.698366	 -0.382793	  0.868185	 -0.315792	9.597192e+16	-1.480375e+17	0.000000e+00	0.000000e+00	0.000000e+00
227.6908	      2451	1.991724e+12	      369.34	      104.77	  274.99	414.719482	  327.14	   1.866e+12	  -1.841e+12	     2.4e+12	  0.957601	  0.767600	  0.838964	  0.511205	  0.186573	 -0.325427	  0.196508	  0.924923	 -0.436162	  0.836693	 -0.331223	1.065747e+17	-1.625171e+17	0.000000e+00	0.000000e+00	0.000000e+00
293.3157	      2835	2.303769e+12	      199.84	       50.86	  260.57	368.513566	  316.38	   1.707e+12	  -1.863e+12	   1.747e+12	  0.960860	  0.853109	  0.830908	  0.482198	  0.277628	 -0.430253	  0.240433	  0.870100	 -0.352809	  0.842423	 -0.407245	1.153003e+17	-1.744893e+17	0.000000e+00	0.000000e+00	0.000000e+00
 -9.2182	         6	4.875701e+09	    13625.12	    13625.12	   67.62	589.083558	  170.35	  -6.621e+08	   1.097e+09	   2.164e+08	  0.000000	  0.000000	  0.000000	  0.000000	  0.000000	  0.000000	  0.000000	  0.000000	  0.000000	  0.000000	  0.000000	7.074242e+13	-4.253354e+14	0.000000e+00	0.000000e+00	0.000000e+00
-11.3601	        12	9.751401e+09	    14559.92	    15632.43	   86.14	587.583248	  202.86	    6.31e+08	   5.903e+08	  -1.258e+09	  0.620214	  0.361518	  0.806856	  0.536112	  0.248128	 -0.567818	  0.819698	  0.075357	 -0.162990	 -0.201694	  0.965792	2.006411e+14	-8.470685e+14	0.000000e+00	0.000000e+00	0.000000e+00
-13.9997	        24	1.950280e+10	    15558.85	    16704.95	  109.74	582.957853	  187.36	  -1.132e+09	   2.778e+09	  -4.036e+09	  0.584657	  0.535314	  0.775875	  0.628726	  0.052176	  0.260494	 -0.394585	  0.881162	 -0.574597	  0.670079	  0.469928	3.422932e+14	-1.683806e+15	0.000000e+00	0.000000e+00	0.000000e+00
-17.2527	        37	3.006682e+10	    12816.12	     9669.31	  122.74	579.716568	  185.76	  -7.129e+09	   4.945e+09	  -3.366e+09	  0.715275	  0.605572	  0.730639	  0.628335	  0.267137	 -0.435282	  0.730105	 -0.526760	 -0.526020	  0.268592	  0.806946	5.187749e+14	-2.576855e+15	0.000000e+00	0.000000e+00	0.000000e+00
-21.2615	        58	4.713177e+10	    10734.24	     8345.65	  138.43	573.709244	  203.19	  -9.797e+09	   6.058e+09	  -6.081e+09	  0.746439	  0.608908	  0.710374	  0.565960	  0.418399	 -0.134663	 -0.474190	  0.870063	 -0.690822	  0.674413	  0.260638	9.729549e+14	-3.993720e+15	0.000000e+00	0.000000e+00	0.000000e+00
-26.2018	        96	7.801121e+10	     9492.99	     8068.88	  160.43	565.426162	  217.97	  -7.933e+09	       2e+10	  -1.432e+10	  0.904781	  0.690332	  0.662640	  0.475656	  0.578498	 -0.455444	 -0.357260	  0.815436	 -0.594541	  0.803814	  0.020100	1.853240e+15	-6.497806e+15	0.000000e+00	0.000000e+00	0.000000e+00
 32.2900	       125	1.015771e+11	     6604.35	     3290.15	  164.91	555.097996	  234.55	   -1.72e+10	   3.247e+10	  -1.031e+10	  0.892433	  0.651561	  0.791717	  0.595479	  0.136341	 -0.117295	 -0.070851	  0.990567	 -0.599522	  0.800240	 -0.013753	2.793962e+15	-8.347499e+15	0.000000e+00	0.000000e+00	0.000000e+00
 39.7929	       180	1.462710e+11	     5081.38	     3334.03	  178.26	544.089751	  247.20	  -2.113e+10	   6.341e+10	  -3.338e+10	  0.876015	  0.688438	  0.779723	  0.543696	  0.310527	 -0.247310	 -0.188191	  0.950485	 -0.575213	  0.817911	  0.012275	4.469314e+15	-1.172172e+16	0.000000e+00	0.000000e+00	0.000000e+00
 49.0391	       251	2.039668e+11	     3785.92	     2299.61	  189.62	531.208098	  256.47	  -1.446e+10	   5.536e+10	   1.034e+10	  0.791187	  0.643575	  0.808718	  0.510979	  0.291335	 -0.273603	 -0.111661	  0.955339	 -0.520689	  0.852310	 -0.049503	6.708139e+15	-1.588841e+16	0.000000e+00	0.000000e+00	0.000000e+00
 60.4338	       352	2.860411e+11	     2836.80	     1747.85	  202.28	515.795785	  266.86	   2.109e+10	   3.779e+10	  -1.494e+10	  0.788208	  0.688617	  0.797815	  0.544882	  0.258061	 -0.152972	 -0.231079	  0.960834	 -0.583173	  0.806044	  0.101006	1.018485e+16	-2.151547e+16	0.000000e+00	0.000000e+00	0.000000e+00
 74.4761	       483	3.924939e+11	     2079.80	     1211.28	  213.44	498.025887	  275.40	   7.425e+10	   6.092e+09	   1.064e+11	  0.819952	  0.739766	  0.882250	  0.387762	  0.266975	 -0.194464	 -0.216286	  0.956768	 -0.428741	  0.896025	  0.115412	1.488458e+16	-2.836062e+16	0.000000e+00	0.000000e+00	0.000000e+00
 91.7813	       678	5.509542e+11	     1559.89	      963.37	  227.80	477.245726	  277.93	   1.722e+11	  -5.055e+10	   2.758e+10	  0.752108	  0.638883	  0.885912	  0.398587	  0.237252	 -0.161938	 -0.213531	  0.963421	 -0.434668	  0.891927	  0.124623	2.127915e+16	-3.777737e+16	0.000000e+00	0.000000e+00	0.000000e+00
113.1074	       926	7.524831e+11	     1138.32	      654.64	  239.82	452.853931	  282.06	   3.346e+11	  -1.919e+11	  -2.125e+10	  0.690873	  0.629245	  0.880363	  0.441762	  0.172650	 -0.151652	 -0.082727	  0.984966	 -0.449403	  0.893310	  0.005835	2.993396e+16	-4.863620e+16	0.000000e+00	0.000000e+00	0.000000e+00
139.3889	      1224	9.946429e+11	      803.94	      420.29	  248.37	424.560427	  282.60	   3.906e+11	   -5.15e+11	  -7.763e+09	  0.666776	  0.611335	  0.891563	  0.448187	  0.065140	 -0.074147	  0.002557	  0.997244	 -0.446785	  0.893936	 -0.035511	3.971636e+16	-6.025774e+16	0.000000e+00	0.000000e+00	0.000000e+00
171.7772	      1544	1.254680e+12	      541.85	      241.14	  251.28	392.751571	  289.17	   6.685e+11	  -9.595e+11	  -5.008e+11	  0.685098	  0.633388	  0.889257	  0.455916	  0.036926	  0.042354	 -0.162453	  0.985807	 -0.455443	  0.875071	  0.163772	5.245638e+16	-7.107130e+16	0.000000e+00	0.000000e+00	0.000000e+00
211.7047	      1920	1.560224e+12	      359.94	      151.33	  252.41	357.404248	  292.81	   1.343e+12	  -1.335e+12	  -1.223e+12	  0.766937	  0.694787	  0.891066	  0.453246	 -0.023859	  0.109731	 -0.164123	  0.980318	 -0.440410	  0.876146	  0.195980	6.688720e+16	-8.183266e+16	0.000000e+00	0.000000e+00	0.000000e+00
 -8.1545	         8	6.500934e+09	    26243.36	    26243.36	   83.02	556.976699	  121.58	  -4.811e+08	   3.463e+08	   1.166e+09	  0.000000	  0.000000	  0.000000	  0.000000	  0.000000	  0.000000	  0.000000	  0.000000	  0.000000	  0.000000	  0.000000	4.804708e+13	-5.073667e+14	0.000000e+00	0.000000e+00	0.000000e+00
-10.2551	        10	8.126168e+09	    16493.03	     6633.99	   82.77	553.952320	  118.59	  -1.172e+07	   7.699e+08	   1.461e+09	  0.000000	  0.000000	  0.000000	  0.000000	  0.000000	  0.000000	  0.000000	  0.000000	  0.000000	  0.000000	  0.000000	5.713838e+13	-6.324104e+14	0.000000e+00	0.000000e+00	0.000000e+00
-12.8969	        21	1.706495e+10	    17413.69	    18344.62	  106.95	551.202536	  140.99	   2.404e+09	  -4.184e+08	   9.929e+08	  0.920636	  0.696186	 -0.345089	  0.904535	  0.250461	  0.810795	  0.421721	 -0.405911	  0.472785	 -0.062997	  0.878923	1.695983e+14	-1.314310e+15	0.000000e+00	0.000000e+00	0.000000e+00
-16.2191	        32	2.600374e+10	    13341.13	     9223.16	  117.73	545.727166	  157.33	   1.828e+09	   -1.12e+09	   1.599e+09	  0.790077	  0.675491	  0.890204	  0.443810	 -0.102806	 -0.336526	  0.792742	  0.508243	  0.307062	 -0.417843	  0.855056	3.218204e+14	-1.987128e+15	0.000000e+00	0.000000e+00	0.000000e+00
-20.3972	        55	4.469392e+10	    11528.60	     9695.85	  137.63	538.344858	  167.20	   7.412e+08	  -9.944e+08	     8.6e+09	  0.800436	  0.742482	  0.839486	  0.537268	 -0.081283	  0.020742	  0.117794	  0.992821	 -0.542986	  0.835145	 -0.087742	6.247053e+14	-3.362553e+15	0.000000e+00	0.000000e+00	0.000000e+00
-25.6515	        81	6.582196e+10	     8536.30	     5510.65	  148.94	529.477415	  174.04	   1.189e+10	   4.334e+07	   1.024e+10	  0.784134	  0.700858	  0.925731	  0.301447	 -0.228367	  0.363716	 -0.544253	  0.755976	 -0.103597	  0.782891	  0.613473	9.968643e+14	-4.867069e+15	0.000000e+00	0.000000e+00	0.000000e+00
-32.2594	       114	9.263831e+10	     6040.33	     3516.53	  157.56	519.663560	  189.06	   1.003e+10	   5.932e+09	    1.24e+10	  0.872773	  0.782625	  0.972013	  0.147771	 -0.182631	 -0.230055	  0.756209	 -0.612555	  0.047589	  0.637426	  0.769040	1.655572e+15	-6.710867e+15	0.000000e+00	0.000000e+00	0.000000e+00
 40.5695	       163	1.324565e+11	     4342.25	     2625.23	  168.00	507.642267	  202.65	   1.614e+10	   2.527e+09	   3.315e+10	  0.895171	  0.862586	  0.934376	  0.221381	 -0.279164	 -0.345786	  0.752304	 -0.560777	  0.085870	  0.620508	  0.779485	2.719756e+15	-9.342083e+15	0.000000e+00	0.000000e+00	0.000000e+00
 51.0202	       229	1.860892e+11	     3067.14	     1777.81	  177.57	493.984421	  213.08	   6.402e+09	  -2.883e+10	   5.909e+10	  0.808670	  0.780125	  0.970720	 -0.223443	 -0.088178	  0.231186	  0.968706	  0.090346	  0.065231	 -0.108086	  0.991999	4.224376e+15	-1.269890e+16	0.000000e+00	0.000000e+00	0.000000e+00
 64.1631	       332	2.697888e+11	     2235.67	     1394.92	  190.65	477.827643	  229.18	   4.367e+10	  -2.984e+10	   1.101e+11	  0.845013	  0.795661	  0.988957	 -0.094496	 -0.114165	  0.110697	  0.983206	  0.145096	  0.098537	 -0.156131	  0.982809	7.084902e+15	-1.765023e+16	0.000000e+00	0.000000e+00	0.000000e+00
 80.6916	       462	3.754289e+11	     1564.16	      885.17	  200.55	459.062736	  235.95	   8.055e+10	  -7.368e+10	   1.713e+11	  0.825998	  0.781371	  0.898100	 -0.336245	 -0.283469	  0.397711	  0.896084	  0.197129	  0.187728	 -0.289780	  0.938502	1.045067e+16	-2.343788e+16	0.000000e+00	0.000000e+00	0.000000e+00
101.4778	       636	5.168243e+11	     1082.60	      595.67	  209.83	437.667172	  245.20	   1.141e+11	  -1.621e+11	     3.1e+11	  0.725742	  0.703364	  0.822173	 -0.479364	 -0.306990	  0.470375	  0.875847	 -0.107886	  0.320593	 -0.055700	  0.945578	1.553618e+16	-3.051743e+16	0.000000e+00	0.000000e+00	0.000000e+00
127.6187	       855	6.947873e+11	      731.73	      376.94	  216.94	413.001609	  248.74	   1.403e+11	  -3.188e+11	   6.677e+11	  0.694082	  0.650841	  0.869765	 -0.439933	 -0.223536	  0.370909	  0.284045	  0.884163	  0.325478	  0.851926	 -0.410227	2.149457e+16	-3.856117e+16	0.000000e+00	0.000000e+00	0.000000e+00
160.4934	      1152	9.361345e+11	      495.69	      257.01	  224.55	385.043637	  248.61	   1.217e+11	  -2.763e+11	    1.07e+12	  0.759213	  0.680735	  0.840275	 -0.498180	 -0.213903	  0.494505	  0.542496	  0.679090	 -0.222267	 -0.676398	  0.702198	2.892967e+16	-4.815870e+16	0.000000e+00	0.000000e+00	0.000000e+00
201.8367	      1498	1.217300e+12	      324.07	      150.54	  228.34	353.621915	  247.63	  -3.531e+11	   1.487e+11	   1.835e+12	  0.766370	  0.693965	  0.726474	 -0.577112	 -0.373064	  0.592215	  0.250388	  0.765890	  0.348594	  0.777333	 -0.523675	3.732245e+16	-5.767827e+16	0.000000e+00	0.000000e+00	0.000000e+00
253.8437	      1832	1.488714e+12	      199.23	       73.04	  225.16	318.438612	  247.58	  -3.683e+11	    3.71e+10	   2.852e+12	  0.791432	  0.709636	  0.687084	 -0.610184	 -0.394450	  0.675631	  0.336850	  0.655786	  0.267280	  0.717083	 -0.643703	4.562742e+16	-6.538869e+16	0.000000e+00	0.000000e+00	0.000000e+00
 -7.3422	         7	5.688317e+09	    31459.22	    31459.22	   81.84	545.665194	  131.51	  -7.658e+08	   4.065e+08	  -4.932e+08	  0.000000	  0.000000	  0.000000	  0.000000	  0.000000	  0.000000	  0.000000	  0.000000	  0.000000	  0.000000	  0.000000	4.918928e+13	-4.274998e+14	0.000000e+00	0.000000e+00	0.000000e+00
 -9.2845	        10	8.126168e+09	    22225.75	    13191.56	   86.98	542.515695	  137.57	  -1.605e+09	  -1.015e+08	  -6.123e+08	  0.000000	  0.000000	  0.000000	  0.000000	  0.000000	  0.000000	  0.000000	  0.000000	  0.000000	  0.000000	  0.000000	7.689996e+13	-6.078736e+14	0.000000e+00	0.000000e+00	0.000000e+00
-11.7405	        18	1.462710e+10	    19784.98	    17396.88	  103.78	539.648611	  155.48	  -3.819e+09	  -8.493e+08	   5.154e+08	  0.768168	  0.591513	  0.226872	  0.740181	  0.632978	  0.683214	 -0.584133	  0.438186	  0.694080	  0.333047	 -0.638226	1.768061e+14	-1.083779e+15	0.000000e+00	0.000000e+00	0.000000e+00
-14.8463	        34	2.762897e+10	    18481.99	    17207.11	  126.84	533.287239	  182.42	      -1e+10	  -7.779e+08	   8.122e+08	  0.877926	  0.734034	  0.061234	  0.921833	  0.382720	  0.010122	 -0.383993	  0.923280	  0.998072	 -0.052662	 -0.032844	4.596805e+14	-2.021317e+15	0.000000e+00	0.000000e+00	0.000000e+00
-18.7737	        55	4.469392e+10	    14785.60	    11168.99	  143.46	526.015194	  196.68	  -1.235e+10	   -5.39e+09	    1.13e+09	  0.891747	  0.811687	 -0.360611	  0.383124	  0.850397	  0.371497	  0.895300	 -0.245821	  0.855541	 -0.227275	  0.465184	8.644381e+14	-3.217360e+15	0.000000e+00	0.000000e+00	0.000000e+00
-23.7400	        79	6.419672e+10	    10502.92	     6312.66	  152.89	516.316276	  199.21	  -1.263e+10	  -3.639e+07	   3.999e+09	  0.851414	  0.777688	 -0.175906	  0.777665	  0.603568	  0.036207	 -0.607602	  0.793416	  0.983741	  0.161420	  0.078724	1.273822e+15	-4.535100e+15	0.000000e+00	0.000000e+00	0.000000e+00
-30.0201	       113	9.182569e+10	     7429.64	     4422.69	  162.61	504.858148	  202.41	  -1.443e+10	  -3.191e+09	   7.497e+09	  0.855541	  0.738085	 -0.299840	  0.657761	  0.690976	  0.520027	  0.719922	 -0.459656	  0.799792	 -0.221503	  0.557915	1.881103e+15	-6.336311e+15	0.000000e+00	0.000000e+00	0.000000e+00
 37.9615	       161	1.308313e+11	     5235.06	     3087.85	  172.61	491.719998	  205.18	  -2.701e+10	  -3.558e+09	  -1.124e+10	  0.928579	  0.738646	 -0.265527	  0.776768	  0.571076	 -0.521098	 -0.613991	  0.592851	  0.811143	 -0.140169	  0.567803	2.753809e+15	-8.754119e+15	0.000000e+00	0.000000e+00	0.000000e+00
 48.0036	       231	1.877145e+11	     3714.62	     2226.99	  183.86	476.596433	  209.54	  -5.097e+10	  -2.082e+10	  -2.706e+10	  0.929422	  0.721748	 -0.431356	 -0.583219	  0.688322	 -0.294616	  0.812187	  0.503541	  0.852721	 -0.014415	  0.522167	4.121098e+15	-1.208633e+16	0.000000e+00	0.000000e+00	0.000000e+00
 60.7023	       298	2.421598e+11	     2369.88	     1054.15	  185.71	458.893311	  213.47	  -6.903e+10	  -4.945e+10	  -3.821e+10	  0.866205	  0.697594	 -0.192835	 -0.568252	  0.799940	 -0.150998	  0.822716	  0.548031	  0.969543	  0.015109	  0.244453	5.517530e+15	-1.507617e+16	0.000000e+00	0.000000e+00	0.000000e+00
 76.7602	       404	3.282972e+11	     1588.90	      824.78	  192.28	440.074669	  216.03	   -1.84e+11	  -9.288e+10	  -4.921e+10	  0.853633	  0.700562	 -0.175292	 -0.307625	  0.935221	 -0.150176	  0.947168	  0.283407	  0.972995	  0.090769	  0.212229	7.660722e+15	-1.943012e+16	0.000000e+00	0.000000e+00	0.000000e+00
 97.0661	       528	4.290616e+11	     1026.97	      477.16	  195.48	420.290639	  223.28	  -1.883e+11	  -1.475e+11	   -3.79e+10	  0.909108	  0.717852	 -0.123015	 -0.368065	  0.921626	 -0.091009	  0.928951	  0.358843	  0.988223	  0.039733	  0.147772	1.069542e+16	-2.406898e+16	0.000000e+00	0.000000e+00	0.000000e+00
122.7435	       691	5.615182e+11	      664.67	      310.20	  198.87	397.827423	  226.85	  -4.342e+11	  -7.464e+10	  -2.132e+10	  0.896620	  0.696757	 -0.088830	 -0.322703	  0.942323	 -0.166749	  0.937529	  0.305343	  0.981990	  0.130008	  0.137091	1.444873e+16	-2.962113e+16	0.000000e+00	0.000000e+00	0.000000e+00
155.2136	       903	7.337929e+11	      429.56	      199.52	  202.16	373.546664	  234.15	  -8.024e+11	   1.015e+11	  -1.989e+11	  0.901175	  0.764927	 -0.015822	 -0.298437	  0.954298	 -0.118707	  0.948228	  0.294571	  0.992803	  0.108621	  0.050429	2.011472e+16	-3.600379e+16	0.000000e+00	0.000000e+00	0.000000e+00
196.2731	      1272	1.033649e+12	      299.25	      171.75	  213.37	345.377798	  237.02	  -1.538e+12	   1.074e+12	  -5.068e+11	  0.840851	  0.679588	  0.284001	 -0.009763	  0.958774	  0.236679	  0.969719	 -0.060233	  0.929154	 -0.244028	 -0.277712	2.903518e+16	-4.566433e+16	0.000000e+00	0.000000e+00	0.000000e+00
248.2080	      1714	1.392825e+12	      199.38	      101.71	  220.25	311.489892	  234.78	  -1.407e+12	   2.165e+12	  -1.598e+12	  0.790318	  0.625571	  0.444737	  0.159086	  0.881420	 -0.038925	  0.986603	 -0.158430	  0.894815	 -0.036150	 -0.444971	3.838728e+16	-5.542308e+16	0.000000e+00	0.000000e+00	0.000000e+00
 -5.3705	         6	4.875701e+09	    68900.52	    68900.52	   88.59	596.961501	  217.14	   3.382e+08	   6.428e+08	  -4.427e+08	  0.000000	  0.000000	  0.000000	  0.000000	  0.000000	  0.000000	  0.000000	  0.000000	  0.000000	  0.000000	  0.000000	1.149446e+14	-4.376324e+14	0.000000e+00	0.000000e+00	0.000000e+00
 -6.9103	        12	9.751401e+09	    64685.55	    60956.55	  110.45	592.254486	  227.08	   5.737e+08	   1.303e+09	  -6.478e+07	  0.718255	  0.564192	 -0.305086	  0.675972	 -0.670808	  0.486788	  0.716107	  0.500227	  0.818511	 -0.173929	 -0.547529	2.514213e+14	-8.678909e+14	0.000000e+00	0.000000e+00	0.000000e+00
 -8.8916	        22	1.787757e+10	    55667.72	    47689.62	  131.84	585.957534	  216.61	   1.048e+09	   1.455e+09	   9.965e+08	  0.838022	  0.636611	 -0.178943	  0.365837	  0.913314	  0.365119	  0.886700	 -0.283640	  0.913602	 -0.282713	  0.292243	4.194126e+14	-1.573076e+15	0.000000e+00	0.000000e+00	0.000000e+00
-11.4410	        37	3.006682e+10	    43947.81	    33579.17	  150.73	579.399056	  222.12	  -1.664e+09	   3.393e+09	     1.2e+09	  0.797078	  0.567642	  0.310361	  0.163319	  0.936484	  0.829180	  0.435274	 -0.350709	 -0.464905	  0.885360	 -0.000329	7.417054e+14	-2.605783e+15	0.000000e+00	0.000000e+00	0.000000e+00
-14.7213	        54	4.388131e+10	    30108.15	    17864.15	  160.53	568.054074	  235.12	  -1.681e+09	   4.465e+08	  -4.142e+09	  0.868118	  0.652445	  0.898150	  0.319932	  0.301613	 -0.238153	 -0.222659	  0.945360	 -0.369608	  0.920905	  0.123789	1.212915e+15	-3.745424e+15	0.000000e+00	0.000000e+00	0.000000e+00
-18.9420	        89	7.232289e+10	    23293.52	    17264.59	  181.68	554.211419	  231.13	   -3.58e+09	   -1.05e+09	  -5.908e+09	  0.886051	  0.678594	  0.640902	  0.353594	  0.681334	 -0.456769	 -0.537680	  0.708705	 -0.616933	  0.765422	  0.183089	1.931853e+15	-5.989094e+15	0.000000e+00	0.000000e+00	0.000000e+00
-24.3730	       131	1.064528e+11	    16094.27	     9725.06	  194.31	538.319562	  240.56	   -8.62e+08	   8.393e+09	  -9.608e+09	  0.762364	  0.588092	  0.664884	  0.476892	  0.574894	 -0.237493	 -0.594748	  0.768031	 -0.708185	  0.647185	  0.282180	3.080241e+15	-8.534192e+15	0.000000e+00	0.000000e+00	0.000000e+00
 31.3610	       192	1.560224e+11	    11072.76	     6630.21	  207.38	519.033935	  243.91	  -9.465e+08	     1.7e+10	  -1.354e+10	  0.843458	  0.647217	  0.439966	  0.233776	  0.867051	  0.574455	  0.668860	 -0.471834	 -0.690240	  0.705673	  0.159982	4.641054e+15	-1.200976e+16	0.000000e+00	0.000000e+00	0.000000e+00
 40.3526	       259	2.104677e+11	     7011.47	     3418.44	  212.34	497.565688	  247.73	  -2.446e+10	   4.342e+10	  -1.819e+10	  0.886705	  0.742546	  0.301515	  0.263645	  0.916286	  0.736301	  0.546175	 -0.399441	 -0.605763	  0.795100	 -0.029442	6.458286e+15	-1.552970e+16	0.000000e+00	0.000000e+00	0.000000e+00
 51.9223	       356	2.892916e+11	     4523.91	     2323.16	  219.47	473.027298	  248.50	  -9.164e+10	   4.685e+10	  -5.757e+10	  0.847303	  0.764858	  0.452200	  0.214375	  0.865771	  0.490665	  0.750811	 -0.442189	 -0.744824	  0.624761	  0.234330	8.931892e+15	-2.018471e+16	0.000000e+00	0.000000e+00	0.000000e+00
 66.8091	       443	3.599892e+11	     2642.55	      978.10	  215.83	446.992049	  251.21	  -1.378e+11	    1.34e+09	    -9.5e+10	  0.903194	  0.771993	  0.408308	  0.190409	  0.892765	  0.423099	  0.827134	 -0.369916	  0.808871	 -0.528767	 -0.257164	1.135861e+16	-2.392121e+16	0.000000e+00	0.000000e+00	0.000000e+00
 85.9641	       567	4.607537e+11	     1587.66	      654.39	  215.25	419.844371	  250.56	  -2.571e+11	  -1.237e+10	  -1.124e+11	  0.905832	  0.803796	  0.133476	  0.000207	  0.991052	  0.339741	  0.939396	 -0.045953	  0.931000	 -0.342834	 -0.125317	1.446331e+16	-2.864328e+16	0.000000e+00	0.000000e+00	0.000000e+00
110.6111	       705	5.728948e+11	      926.65	      341.86	  211.60	391.624146	  249.67	  -3.911e+11	   1.416e+10	  -1.305e+11	  0.816747	  0.746102	  0.221402	 -0.029375	  0.974740	  0.458176	  0.885487	 -0.077385	  0.860846	 -0.463735	 -0.209508	1.785532e+16	-3.325366e+16	0.000000e+00	0.000000e+00	0.000000e+00
142.3248	       884	7.183532e+11	      545.43	      208.15	  208.88	361.873233	  247.60	  -5.842e+11	   -4.38e+10	  -3.736e+10	  0.790001	  0.713269	  0.055765	 -0.190746	  0.980054	  0.442272	  0.884747	  0.147031	  0.895146	 -0.425251	 -0.133699	2.201997e+16	-3.842463e+16	0.000000e+00	0.000000e+00	0.000000e+00
183.1312	      1123	9.125686e+11	      325.25	      130.46	  207.55	330.690219	  242.97	  -2.646e+11	  -9.283e+10	  -1.285e+11	  0.810384	  0.724317	  0.102920	 -0.318461	  0.942332	  0.621664	  0.760142	  0.188993	  0.776493	 -0.566363	 -0.276210	2.693693e+16	-4.417621e+16	0.000000e+00	0.000000e+00	0.000000e+00
235.6509	      1469	1.193734e+12	      199.68	       88.63	  209.26	295.953458	  239.08	   1.651e+11	   3.427e+11	   1.505e+11	  0.756164	  0.667647	 -0.075261	 -0.446602	  0.891562	  0.764851	  0.547812	  0.338976	  0.639795	 -0.707424	 -0.300355	3.411690e+16	-5.107364e+16	0.000000e+00	0.000000e+00	0.000000e+00
 -5.7604	         7	5.688317e+09	    65143.27	    65143.27	   92.39	668.124477	  269.16	   1.406e+08	  -1.696e+08	    1.25e+08	  0.000000	  0.000000	  0.000000	  0.000000	  0.000000	  0.000000	  0.000000	  0.000000	  0.000000	  0.000000	  0.000000	2.060490e+14	-6.385008e+14	0.000000e+00	0.000000e+00	0.000000e+00
 -7.0346	         9	7.313551e+09	    45988.32	    22663.81	   94.80	664.083193	  275.20	   1.655e+08	   8.196e+08	   5.615e+08	  0.000000	  0.000000	  0.000000	  0.000000	  0.000000	  0.000000	  0.000000	  0.000000	  0.000000	  0.000000	  0.000000	2.769485e+14	-8.182902e+14	0.000000e+00	0.000000e+00	0.000000e+00
 -8.5907	        11	8.938784e+09	    30862.51	    12444.19	   94.84	663.544062	  298.67	   1.126e+09	   1.073e+09	   2.398e+08	  0.908630	  0.754762	  0.050394	 -0.046710	  0.997637	  0.685150	  0.728402	 -0.000506	  0.726657	 -0.683556	 -0.068710	3.986952e+14	-9.972921e+14	0.000000e+00	0.000000e+00	0.000000e+00
-10.4910	        21	1.706495e+10	    32351.27	    34164.10	  118.58	660.367114	  404.88	   3.794e+09	  -2.587e+09	    -1.3e+09	  0.955237	  0.845399	 -0.277229	 -0.441477	  0.853371	 -0.009602	  0.889413	  0.457004	  0.960756	 -0.118501	  0.250810	1.398692e+15	-1.887035e+15	0.000000e+00	0.000000e+00	0.000000e+00
-12.8117	        38	3.087944e+10	    32143.21	    31889.85	  144.35	654.770460	  390.69	   3.645e+09	  -2.834e+09	  -3.824e+09	  0.850930	  0.731812	  0.174138	  0.460369	  0.870481	  0.907933	  0.267165	 -0.322925	 -0.381226	  0.846572	 -0.371461	2.356706e+15	-3.380470e+15	0.000000e+00	0.000000e+00	0.000000e+00
-15.6457	        57	4.631916e+10	    26473.66	    19569.99	  159.98	647.982340	  356.74	   8.978e+09	  -1.149e+08	  -3.099e+09	  0.858393	  0.849795	  0.149174	  0.733832	  0.662750	  0.987683	 -0.078582	 -0.135302	  0.047209	 -0.674770	  0.736516	2.947427e+15	-5.016649e+15	0.000000e+00	0.000000e+00	0.000000e+00
