#r(1)	npart(2)	M_in_r(3)	ovdens(4)	dens(5)	vcirc(6)	vesc(7)	sigv(8)	Lx(9)	Ly(10)	Lz(11)	b(12)	c(13)	Eax(14)	Eay(15)	Eaz(16)	Ebx(17)	Eby(18)	Ebz(19)	Ecx(20)	Ecy(21)	Ecz(22)	Ekin(23)	Epot(24)	M_gas(25)	M_star(26)	U_gas(27)	
 -3.1167	         6	4.875700e+09	   138524.57	   138524.57	   82.02	1024.974943	  249.85	   1.035e+09	   1.179e+09	  -1.175e+09	  0.000000	  0.000000	  0.000000	  0.000000	  0.000000	  0.000000	  0.000000	  0.000000	  0.000000	  0.000000	  0.000000	1.521826e+14	-1.283051e+15	0.000000e+00	0.000000e+00	0.000000e+00
 -3.9102	         9	7.313549e+09	   105218.51	    71051.88	   89.69	1023.351326	  325.72	   1.967e+09	   7.539e+08	   2.332e+08	  0.000000	  0.000000	  0.000000	  0.000000	  0.000000	  0.000000	  0.000000	  0.000000	  0.000000	  0.000000	  0.000000	3.879694e+14	-1.922006e+15	0.000000e+00	0.000000e+00	0.000000e+00
 -4.9058	        17	1.381448e+10	   100640.46	    95944.12	  110.05	1021.487582	  301.38	   8.719e+08	   1.235e+09	  -7.756e+08	  0.865526	  0.703110	  0.947447	  0.273178	  0.166485	 -0.162813	  0.859718	 -0.484125	 -0.275383	  0.431577	  0.859014	6.273924e+14	-3.620204e+15	0.000000e+00	0.000000e+00	0.000000e+00
 -6.1548	        31	2.519111e+10	    92930.75	    85021.84	  132.67	1017.989891	  324.48	     2.3e+09	   6.702e+07	    1.44e+09	  0.911055	  0.773015	  0.875396	  0.434981	  0.210887	 -0.238616	  0.009422	  0.971068	 -0.420410	  0.900390	 -0.112042	1.326149e+15	-6.577818e+15	0.000000e+00	0.000000e+00	0.000000e+00
 -7.7219	        51	4.144345e+10	    77418.01	    61504.45	  151.93	1013.673131	  337.35	   6.475e+09	   -8.55e+08	  -4.966e+09	  0.881830	  0.798682	 -0.402432	  0.869826	  0.285398	  0.915355	  0.386833	  0.111739	  0.013208	 -0.306208	  0.951873	2.358288e+15	-1.076681e+16	0.000000e+00	0.000000e+00	0.000000e+00
 -9.6880	        79	6.419671e+10	    60725.76	    43602.22	  168.81	1007.794440	  352.87	   4.843e+09	  -9.479e+09	  -4.313e+09	  0.793776	  0.711790	 -0.638191	  0.768671	  0.043093	  0.745147	  0.602649	  0.285604	 -0.193566	 -0.214381	  0.957378	3.996845e+15	-1.657643e+16	0.000000e+00	0.000000e+00	0.000000e+00
-12.1547	       124	1.007645e+11	    48266.03	    35484.37	  188.82	1000.763714	  339.56	   1.033e+10	  -2.561e+10	  -1.135e+10	  0.878067	  0.828279	 -0.376689	  0.924116	 -0.064149	  0.583559	  0.290512	  0.758328	  0.719419	  0.248219	 -0.648709	5.809246e+15	-2.579309e+16	0.000000e+00	0.000000e+00	0.000000e+00
-15.2494	       203	1.649612e+11	    40011.98	    31544.65	  215.69	991.575935	  358.83	     3.8e+10	  -3.084e+10	  -6.726e+10	  0.877516	  0.788967	 -0.257194	  0.927013	 -0.272944	 -0.727349	  0.000262	  0.686268	  0.636251	  0.375030	  0.674194	1.062008e+16	-4.170745e+16	0.000000e+00	0.000000e+00	0.000000e+00
-19.1320	       315	2.559742e+11	    31439.71	    22645.96	  239.87	979.635082	  358.09	   3.973e+10	   -2.72e+10	  -1.561e+11	  0.824941	  0.753692	 -0.087254	  0.985068	 -0.148420	  0.982143	  0.060135	 -0.178265	  0.166678	  0.161324	  0.972725	1.641143e+16	-6.379886e+16	0.000000e+00	0.000000e+00	0.000000e+00
 24.0032	       478	3.884307e+11	    24158.50	    16689.16	  263.81	965.147283	  364.05	  -1.643e+10	    5.57e+10	  -2.835e+11	  0.845570	  0.765149	 -0.165231	  0.986111	 -0.016860	  0.968647	  0.159042	 -0.190864	  0.185532	  0.047868	  0.981472	2.573930e+16	-9.505249e+16	0.000000e+00	0.000000e+00	0.000000e+00
 30.1147	       676	5.493288e+11	    17300.67	    10265.64	  280.09	947.617593	  377.44	  -6.088e+10	    8.14e+10	  -4.535e+11	  0.898139	  0.817905	 -0.518312	  0.855030	  0.016641	  0.801615	  0.492528	 -0.338866	  0.297936	  0.162298	  0.940688	3.912899e+16	-1.318156e+17	0.000000e+00	0.000000e+00	0.000000e+00
 37.7821	       992	8.061157e+11	    12855.88	     8296.25	  302.92	927.194606	  389.98	  -3.972e+11	  -9.254e+10	  -8.794e+11	  0.926706	  0.814850	 -0.393282	  0.918925	  0.030098	  0.727932	  0.331204	 -0.600349	  0.561644	  0.214197	  0.799172	6.129861e+16	-1.882039e+17	0.000000e+00	0.000000e+00	0.000000e+00
 47.4018	      1434	1.165292e+12	     9410.52	     5876.13	  325.15	902.500358	  402.76	  -6.493e+11	  -2.622e+11	  -1.589e+12	  0.884109	  0.785316	 -0.156624	  0.966472	 -0.203473	  0.887080	  0.047081	 -0.459208	  0.434232	  0.252420	  0.864712	9.451258e+16	-2.634381e+17	0.000000e+00	0.000000e+00	0.000000e+00
 59.4708	      1950	1.584602e+12	     6479.97	     3473.70	  338.51	874.535251	  412.20	  -1.375e+12	  -4.506e+11	  -3.012e+12	  0.928501	  0.754196	 -0.172066	  0.957004	 -0.233529	  0.844505	  0.021257	 -0.535126	  0.507154	  0.289294	  0.811852	1.346186e+17	-3.460429e+17	0.000000e+00	0.000000e+00	0.000000e+00
 74.6126	      2704	2.197315e+12	     4550.08	     2570.33	  355.88	842.565716	  420.33	  -2.945e+12	  -1.267e+12	  -5.948e+12	  0.936832	  0.750445	  0.640673	  0.537110	 -0.548682	 -0.574503	  0.809429	  0.121535	  0.509397	  0.237355	  0.827150	1.941113e+17	-4.588657e+17	0.000000e+00	0.000000e+00	0.000000e+00
 93.6097	      3631	2.950611e+12	     3093.95	     1600.19	  368.18	806.518745	  425.84	  -5.677e+12	  -2.311e+12	  -9.521e+12	  0.875280	  0.705770	  0.717867	  0.497863	 -0.486620	 -0.538481	  0.840115	  0.065152	  0.441254	  0.215265	  0.871181	2.675337e+17	-5.868061e+17	0.000000e+00	0.000000e+00	0.000000e+00
117.4437	      4707	3.824986e+12	     2030.98	      940.54	  374.25	766.585144	  429.69	  -9.036e+12	  -2.703e+12	  -1.327e+13	  0.867209	  0.704432	  0.571286	  0.653695	 -0.496301	  0.671136	 -0.720142	 -0.175989	  0.472451	  0.232545	  0.850125	3.531027e+17	-7.221959e+17	0.000000e+00	0.000000e+00	0.000000e+00
147.3460	      6021	4.892764e+12	     1315.54	      581.61	  377.90	723.593545	  436.10	  -1.886e+13	  -2.667e+12	  -1.615e+13	  0.839052	  0.708604	  0.426969	  0.814683	 -0.392414	  0.782090	 -0.550528	 -0.291983	  0.453909	  0.182235	  0.872214	4.652518e+17	-8.701406e+17	0.000000e+00	0.000000e+00	0.000000e+00
184.8617	      7659	6.223830e+12	      847.38	      367.14	  380.52	676.813422	  445.48	   -3.53e+13	   1.716e+12	   -1.04e+13	  0.799991	  0.676697	  0.324380	  0.891103	 -0.317354	  0.891585	 -0.400100	 -0.212123	  0.315997	  0.214140	  0.924278	6.175665e+17	-1.033329e+18	0.000000e+00	0.000000e+00	0.000000e+00
231.9293	      9526	7.740986e+12	      533.70	      211.90	  378.87	626.700516	  443.39	  -4.555e+13	  -4.774e+12	  -1.843e+13	  0.796650	  0.651257	  0.276214	  0.918574	 -0.282714	  0.894880	 -0.353101	 -0.272964	  0.350564	  0.177599	  0.919545	7.609045e+17	-1.194181e+18	0.000000e+00	0.000000e+00	0.000000e+00
290.9808	     11630	9.450731e+12	      329.94	      120.92	  373.74	573.103805	  434.92	  -5.429e+13	  -1.122e+13	  -2.492e+13	  0.841320	  0.661502	  0.127570	  0.966689	 -0.221897	  0.920692	 -0.198620	 -0.335970	  0.368852	  0.161439	  0.915361	8.938287e+17	-1.348019e+18	0.000000e+00	0.000000e+00	0.000000e+00
365.0809	     13921	1.131244e+13	      199.96	       66.66	  365.05	516.266042	  421.41	  -6.442e+13	  -2.461e+13	  -5.314e+13	  0.820349	  0.644821	  0.107680	  0.961511	 -0.252789	  0.908088	 -0.198626	 -0.368679	  0.404699	  0.189856	  0.894524	1.004489e+18	-1.486014e+18	0.000000e+00	0.000000e+00	0.000000e+00
 -3.9943	        13	1.056402e+10	   142586.45	   142586.45	  106.65	988.911980	  316.31	   1.193e+09	   1.967e+09	   3.062e+08	  0.907210	  0.611520	  0.660543	 -0.264809	  0.702538	 -0.646282	  0.275678	  0.711562	  0.382103	  0.924055	 -0.010956	5.284790e+14	-2.597432e+15	0.000000e+00	0.000000e+00	0.000000e+00
 -5.0248	        30	2.437850e+10	   165276.59	   188175.61	  144.45	985.158264	  321.83	   3.362e+09	  -1.725e+07	   1.536e+09	  0.811817	  0.667544	  0.762825	  0.265067	  0.589777	 -0.570530	 -0.153320	  0.806838	 -0.304291	  0.951962	 -0.034273	1.262482e+15	-5.963138e+15	0.000000e+00	0.000000e+00	0.000000e+00
 -6.3212	        44	3.575513e+10	   121758.13	    77839.07	  155.97	980.062795	  340.11	   4.833e+09	   2.357e+09	    2.89e+08	  0.877326	  0.793383	  0.798379	  0.553910	  0.236168	 -0.353184	  0.748412	 -0.561374	 -0.487701	  0.364778	  0.793148	2.068044e+15	-8.705612e+15	0.000000e+00	0.000000e+00	0.000000e+00
 -7.9521	        77	6.257148e+10	   107026.48	    92159.22	  183.96	972.941634	  348.67	   3.948e+09	   3.574e+09	  -3.539e+09	  0.976681	  0.909478	  0.990203	  0.012871	  0.139043	 -0.039579	  0.980778	  0.191072	 -0.133911	 -0.194703	  0.971678	3.803325e+15	-1.509824e+16	0.000000e+00	0.000000e+00	0.000000e+00
-10.0038	       118	9.588876e+10	    82383.03	    57512.72	  203.03	964.293803	  376.69	  -2.434e+09	   2.891e+09	  -1.326e+10	  0.938244	  0.828073	  0.989957	 -0.133946	 -0.045201	  0.103881	  0.906131	 -0.410044	  0.095882	  0.401230	  0.910945	6.803016e+15	-2.291321e+16	0.000000e+00	0.000000e+00	0.000000e+00
-12.5848	       185	1.503341e+11	    64875.79	    47207.40	  226.66	953.215202	  369.53	  -8.364e+09	   1.042e+09	  -1.193e+10	  0.863931	  0.784562	  0.999376	  0.023177	  0.026661	 -0.005988	  0.854924	 -0.518719	 -0.034816	  0.518236	  0.854529	1.026405e+16	-3.542368e+16	0.000000e+00	0.000000e+00	0.000000e+00
-15.8317	       309	2.510985e+11	    54428.28	    43884.60	  261.17	938.641332	  405.45	   1.102e+10	    3.57e+10	   1.934e+10	  0.926349	  0.837393	  0.976429	 -0.134114	 -0.169113	 -0.015668	  0.737410	 -0.675264	  0.215268	  0.661997	  0.717927	2.063911e+16	-5.796904e+16	0.000000e+00	0.000000e+00	0.000000e+00
 19.9163	       455	3.697405e+11	    40256.20	    25953.66	  282.56	920.368086	  412.44	   1.689e+10	  -1.618e+10	   1.005e+11	  0.960505	  0.837485	  0.746959	  0.267980	 -0.608473	  0.626424	 -0.590352	  0.508996	  0.222813	  0.761361	  0.608838	3.144695e+16	-8.359411e+16	0.000000e+00	0.000000e+00	0.000000e+00
 25.0548	       709	5.761452e+11	    31508.14	    22679.56	  314.48	897.966337	  417.33	    7.19e+10	   1.666e+10	   1.226e+11	  0.930723	  0.792626	  0.904841	  0.117957	 -0.409083	  0.416321	 -0.446234	  0.792182	  0.089103	  0.887108	  0.452879	5.017204e+16	-1.261876e+17	0.000000e+00	0.000000e+00	0.000000e+00
 31.5190	       979	7.955516e+11	    21853.17	    12109.32	  329.47	870.854467	  424.35	   -6.64e+09	   1.218e+11	   7.918e+10	  0.962290	  0.755591	  0.717170	  0.283570	 -0.636596	  0.693056	 -0.385993	  0.608837	  0.073074	  0.877837	  0.473353	7.162815e+16	-1.691234e+17	0.000000e+00	0.000000e+00	0.000000e+00
 39.6510	      1338	1.087281e+12	    15001.79	     8087.34	  343.41	840.239739	  431.90	  -2.922e+10	   2.497e+11	   1.855e+10	  0.943195	  0.766614	  0.706410	  0.271310	 -0.653740	  0.703912	 -0.365995	  0.608733	  0.074111	  0.890190	  0.449521	1.014111e+17	-2.225295e+17	0.000000e+00	0.000000e+00	0.000000e+00
 49.8811	      1789	1.453771e+12	    10075.17	     5103.21	  354.04	806.356047	  437.60	  -3.465e+11	   2.042e+11	  -6.175e+11	  0.951296	  0.801897	  0.787885	  0.253352	 -0.561293	  0.615820	 -0.321423	  0.719342	 -0.001835	  0.912414	  0.409263	1.391928e+17	-2.845592e+17	0.000000e+00	0.000000e+00	0.000000e+00
 62.7505	      2350	1.909649e+12	     6647.61	     3188.49	  361.77	768.980734	  435.99	  -3.543e+11	  -2.267e+10	  -7.293e+11	  0.956645	  0.815142	  0.711596	  0.322184	 -0.624363	  0.688086	 -0.139947	  0.712006	 -0.142019	  0.936276	  0.321275	1.814991e+17	-3.552080e+17	0.000000e+00	0.000000e+00	0.000000e+00
 78.9403	      3028	2.460603e+12	     4302.38	     1935.56	  366.13	728.251388	  430.26	  -9.011e+11	  -1.323e+11	  -1.375e+12	  0.969691	  0.835837	  0.778827	  0.259371	 -0.571100	  0.605907	 -0.075669	  0.791929	 -0.162189	  0.962809	  0.216088	2.277552e+17	-4.324131e+17	0.000000e+00	0.000000e+00	0.000000e+00
 99.3072	      3846	3.125323e+12	     2744.84	     1172.97	  367.90	684.329064	  422.14	  -6.627e+11	   -1.25e+12	   -1.75e+12	  0.960937	  0.842514	  0.745829	  0.244596	 -0.619607	  0.652331	 -0.079783	  0.753723	 -0.134923	  0.966337	  0.219062	2.784749e+17	-5.153331e+17	0.000000e+00	0.000000e+00	0.000000e+00
124.9287	      4688	3.809547e+12	     1680.55	      606.46	  362.14	637.954191	  413.63	  -1.158e+12	  -2.355e+12	  -1.636e+12	  0.962835	  0.856149	 -0.417745	 -0.298852	  0.858007	  0.895939	  0.021383	  0.443661	 -0.150935	  0.954060	  0.258821	3.258937e+17	-5.900781e+17	0.000000e+00	0.000000e+00	0.000000e+00
157.1606	      5544	4.505146e+12	      998.25	      309.68	  351.12	590.426373	  405.41	   -2.13e+12	  -4.007e+12	  -1.195e+12	  0.946766	  0.845087	 -0.250339	 -0.259436	  0.932751	  0.961692	  0.044528	  0.270491	 -0.111709	  0.964733	  0.238350	3.702199e+17	-6.557012e+17	0.000000e+00	0.000000e+00	0.000000e+00
197.7085	      6497	5.279570e+12	      587.61	      173.18	  338.89	542.138193	  395.12	  -3.059e+12	   -4.85e+12	   1.248e+11	  0.961271	  0.847983	 -0.225942	 -0.193630	  0.954703	  0.970291	  0.042308	  0.238212	 -0.086516	  0.980162	  0.178319	4.121175e+17	-7.177418e+17	0.000000e+00	0.000000e+00	0.000000e+00
248.7179	      7649	6.215704e+12	      347.48	      105.15	  327.84	492.641848	  383.82	  -4.465e+12	  -3.004e+12	   3.722e+12	  0.959626	  0.839700	 -0.296536	 -0.139268	  0.944813	  0.952551	  0.027987	  0.303090	 -0.068654	  0.989859	  0.124361	4.578534e+17	-7.805545e+17	0.000000e+00	0.000000e+00	0.000000e+00
312.9013	      8760	7.118521e+12	      199.86	       50.92	  312.79	442.366851	  372.95	  -6.889e+12	  -2.307e+12	   5.904e+12	  0.934772	  0.818956	 -0.274393	 -0.104929	  0.955876	  0.961130	 -0.061591	  0.269140	  0.030633	  0.992571	  0.117751	4.950719e+17	-8.298027e+17	0.000000e+00	0.000000e+00	0.000000e+00
 -1.9542	         4	3.250466e+09	   374636.48	   374636.48	   84.58	789.945216	  108.57	    5.41e+07	  -1.419e+08	   1.385e+08	  0.000000	  0.000000	  0.000000	  0.000000	  0.000000	  0.000000	  0.000000	  0.000000	  0.000000	  0.000000	  0.000000	1.915787e+13	-5.116605e+14	0.000000e+00	0.000000e+00	0.000000e+00
 -2.5648	         6	4.875700e+09	   248576.15	   148583.38	   90.42	788.373059	  105.50	  -9.921e+05	  -1.814e+08	  -8.153e+07	  0.000000	  0.000000	  0.000000	  0.000000	  0.000000	  0.000000	  0.000000	  0.000000	  0.000000	  0.000000	  0.000000	2.713563e+13	-7.642308e+14	0.000000e+00	0.000000e+00	0.000000e+00
 -3.3661	         9	7.313549e+09	   164933.49	    98586.99	   96.66	785.438760	  186.76	   6.114e+08	  -1.053e+09	   -6.06e+08	  0.000000	  0.000000	  0.000000	  0.000000	  0.000000	  0.000000	  0.000000	  0.000000	  0.000000	  0.000000	  0.000000	1.275467e+14	-1.140892e+15	0.000000e+00	0.000000e+00	0.000000e+00
 -4.4178	        21	1.706495e+10	   170233.00	   174436.65	  128.89	780.379614	  209.41	     2.1e+09	  -1.599e+08	  -2.389e+08	  0.820788	  0.718716	 -0.561471	 -0.239543	  0.792066	  0.792789	 -0.430022	  0.431933	  0.237140	  0.870460	  0.431352	3.741698e+14	-2.636605e+15	0.000000e+00	0.000000e+00	0.000000e+00
 -5.7981	        28	2.275326e+10	   100401.60	    45010.38	  129.91	773.309603	  243.22	   3.327e+09	   3.077e+09	  -2.934e+09	  0.820124	  0.725053	  0.985253	  0.088342	 -0.146531	  0.170867	 -0.552831	  0.815587	  0.008956	  0.828597	  0.559773	6.730171e+14	-3.497401e+15	0.000000e+00	0.000000e+00	0.000000e+00
 -7.6097	        47	3.819298e+10	    74548.44	    54041.37	  146.92	768.089570	  225.65	   2.756e+09	   6.897e+08	  -3.852e+09	  0.673759	  0.553812	  0.670518	 -0.000062	  0.741893	  0.698333	 -0.337559	 -0.631178	  0.250472	  0.941305	 -0.226296	9.723851e+14	-5.787601e+15	0.000000e+00	0.000000e+00	0.000000e+00
 -9.9873	        81	6.582194e+10	    56830.81	    42776.95	  168.36	759.021085	  254.44	  -3.672e+09	  -2.845e+09	  -6.558e+09	  0.840295	  0.744936	  0.347079	  0.089617	  0.933544	 -0.521580	  0.845723	  0.112730	  0.779417	  0.526044	 -0.340275	2.130614e+15	-9.816807e+15	0.000000e+00	0.000000e+00	0.000000e+00
-13.1078	       148	1.202673e+11	    45932.35	    37287.55	  198.64	747.225623	  270.73	  -3.889e+09	   1.695e+10	  -8.656e+09	  0.892896	  0.804890	  0.102600	  0.108653	  0.988771	  0.829622	 -0.557775	 -0.024794	  0.548818	  0.822849	 -0.147369	4.407371e+15	-1.751660e+16	0.000000e+00	0.000000e+00	0.000000e+00
-17.2033	       258	2.096551e+11	    35418.88	    27079.45	  228.94	730.564656	  297.29	  -5.866e+10	   1.093e+09	   3.621e+09	  0.910591	  0.812400	  0.426140	 -0.180175	  0.886533	 -0.504625	  0.766001	  0.398242	  0.750838	  0.617074	 -0.235503	9.264814e+15	-2.971287e+16	0.000000e+00	0.000000e+00	0.000000e+00
 22.5783	       397	3.226088e+11	    24108.14	    15136.31	  247.89	708.915832	  317.69	  -1.574e+11	   6.499e+10	  -2.037e+10	  0.896132	  0.805053	  0.615845	 -0.077060	  0.784090	  0.641661	 -0.528427	 -0.555911	  0.457172	  0.845475	 -0.275983	1.628013e+16	-4.434093e+16	0.000000e+00	0.000000e+00	0.000000e+00
 29.6328	       601	4.883826e+11	    16143.80	     9826.38	  266.23	683.107488	  335.05	   -3.05e+11	    3.67e+10	  -6.182e+09	  0.802372	  0.775021	  0.507628	 -0.103356	  0.855355	  0.387819	 -0.859105	 -0.333969	  0.769357	  0.501255	 -0.396022	2.741265e+16	-6.438426e+16	0.000000e+00	0.000000e+00	0.000000e+00
 38.8914	       843	6.850358e+11	    10016.53	     5156.28	  275.23	653.092055	  341.32	  -5.644e+11	  -1.035e+11	   2.949e+10	  0.771797	  0.740443	  0.568966	 -0.027508	  0.821901	  0.812823	 -0.132962	 -0.567133	  0.124882	  0.990739	 -0.053292	3.990406e+16	-8.631159e+16	0.000000e+00	0.000000e+00	0.000000e+00
 51.0427	      1124	9.133810e+11	     5907.64	     2648.41	  277.41	621.150985	  347.09	   -1.15e+12	  -1.694e+11	   8.215e+10	  0.810499	  0.773240	  0.658698	 -0.067384	  0.749384	  0.632153	 -0.490575	 -0.599765	  0.408044	  0.868790	 -0.280544	5.501818e+16	-1.093795e+17	0.000000e+00	0.000000e+00	0.000000e+00
 66.9907	      1537	1.248992e+12	     3573.38	     1721.82	  283.16	585.621107	  347.97	  -2.005e+12	    -2.7e+11	   8.285e+10	  0.822119	  0.743906	  0.595789	 -0.108339	  0.795800	  0.654139	 -0.509437	 -0.559086	  0.465981	  0.853661	 -0.232648	7.561376e+16	-1.398912e+17	0.000000e+00	0.000000e+00	0.000000e+00
 87.9215	      2033	1.652050e+12	     2090.75	      914.70	  284.27	547.077153	  345.15	  -3.071e+12	  -1.656e+11	   1.456e+11	  0.812507	  0.734980	  0.607456	 -0.084445	  0.789852	  0.712518	 -0.381644	 -0.588783	  0.351162	  0.920444	 -0.171664	9.840592e+16	-1.721482e+17	0.000000e+00	0.000000e+00	0.000000e+00
115.3920	      2606	2.117679e+12	     1185.49	      467.42	  280.94	505.735225	  336.76	  -3.844e+12	  -1.687e+11	   2.126e+11	  0.772086	  0.707015	  0.680300	 -0.129310	  0.721436	  0.579466	 -0.507819	 -0.637447	  0.448788	  0.851703	 -0.270539	1.200784e+17	-2.043572e+17	0.000000e+00	0.000000e+00	0.000000e+00
151.4455	      3274	2.660507e+12	      658.81	      241.04	  274.87	462.471629	  328.89	  -5.063e+12	  -7.713e+11	   3.102e+11	  0.726224	  0.653801	  0.686428	 -0.135895	  0.714387	  0.560950	 -0.526208	 -0.639094	  0.462765	  0.839427	 -0.284974	1.438934e+17	-2.360915e+17	0.000000e+00	0.000000e+00	0.000000e+00
198.7637	      4046	3.287847e+12	      360.13	      123.22	  266.72	417.010577	  317.95	  -6.357e+12	  -1.894e+12	   3.792e+10	  0.691939	  0.650055	  0.706711	 -0.168675	  0.687101	 -0.639880	  0.261954	  0.722449	  0.301848	  0.950226	 -0.077194	1.661874e+17	-2.664379e+17	0.000000e+00	0.000000e+00	0.000000e+00
260.8797	      5077	4.125654e+12	      199.86	       72.77	  260.79	368.861305	  309.42	  -5.436e+12	   -2.32e+12	  -2.451e+12	  0.661597	  0.609357	  0.739667	 -0.150936	  0.655829	 -0.636989	  0.157378	  0.754638	  0.217115	  0.975936	 -0.020263	1.975019e+17	-2.987331e+17	0.000000e+00	0.000000e+00	0.000000e+00
 -3.9473	         6	4.875700e+09	    68188.31	    68188.31	   72.88	623.475308	  189.08	   4.361e+08	  -2.271e+08	   7.522e+08	  0.000000	  0.000000	  0.000000	  0.000000	  0.000000	  0.000000	  0.000000	  0.000000	  0.000000	  0.000000	  0.000000	8.715518e+13	-4.764090e+14	0.000000e+00	0.000000e+00	0.000000e+00
 -5.0515	        14	1.137663e+10	    75911.94	    82959.51	   98.42	621.184770	  180.55	   7.295e+08	   1.589e+09	    1.24e+09	  0.927435	  0.472906	  0.764211	  0.406039	 -0.501113	 -0.623737	  0.662974	 -0.414026	  0.164114	  0.628966	  0.759914	1.854377e+14	-1.105097e+15	0.000000e+00	0.000000e+00	0.000000e+00
 -6.4647	        23	1.869018e+10	    59502.24	    44528.91	  111.51	616.321098	  178.33	   7.692e+08	   6.411e+08	   1.296e+09	  0.807414	  0.747856	  0.596378	  0.765830	 -0.240495	 -0.350098	  0.517769	  0.780607	  0.722333	 -0.381340	  0.576901	2.972015e+14	-1.806152e+15	0.000000e+00	0.000000e+00	0.000000e+00
 -8.2732	        47	3.819298e+10	    58013.19	    56654.48	  140.90	610.171514	  233.11	   4.867e+09	   8.003e+09	   7.278e+09	  0.913515	  0.726697	  0.548728	  0.630099	 -0.549430	  0.815825	 -0.260081	  0.516515	 -0.182559	  0.731665	  0.656764	1.037717e+15	-3.638915e+15	0.000000e+00	0.000000e+00	0.000000e+00
-10.5876	        80	6.500933e+10	    47113.16	    37167.24	  162.50	600.911540	  240.36	   3.903e+09	   1.016e+10	   9.306e+09	  0.924154	  0.838207	  0.993268	 -0.019326	 -0.114218	 -0.042937	  0.854337	 -0.517943	  0.107590	  0.519360	  0.847756	1.877945e+15	-6.100786e+15	0.000000e+00	0.000000e+00	0.000000e+00
-13.5495	       139	1.129537e+11	    39056.24	    31704.56	  189.35	588.284842	  257.26	  -5.709e+09	    1.48e+10	   5.925e+09	  0.934964	  0.852901	 -0.456063	  0.230565	  0.859562	  0.885403	  0.215037	  0.412093	 -0.089824	  0.948999	 -0.302213	3.737799e+15	-1.032910e+16	0.000000e+00	0.000000e+00	0.000000e+00
-17.3400	       215	1.747126e+11	    28822.89	    19485.29	  208.16	571.156593	  261.30	   1.248e+10	     2.4e+10	   2.266e+10	  0.928143	  0.815398	 -0.395626	  0.162844	  0.903859	  0.892296	  0.301178	  0.336303	 -0.217458	  0.939560	 -0.264459	5.964493e+15	-1.552382e+16	0.000000e+00	0.000000e+00	0.000000e+00
 22.1909	       300	2.437850e+11	    19188.62	    10397.66	  217.36	551.310665	  259.81	   1.949e+10	   1.417e+10	   2.763e+10	  0.861814	  0.803263	 -0.251259	  0.311369	  0.916470	  0.843337	  0.535108	  0.049407	 -0.475027	  0.785308	 -0.397040	8.228039e+15	-2.093985e+16	0.000000e+00	0.000000e+00	0.000000e+00
 28.3989	       386	3.136700e+11	    11779.67	     5019.25	  217.95	530.350676	  261.19	   9.179e+09	   4.026e+09	    2.07e+10	  0.912249	  0.837261	 -0.267118	  0.331807	  0.904739	  0.310537	  0.918409	 -0.245136	  0.912258	 -0.215475	  0.348362	1.069969e+16	-2.602977e+16	0.000000e+00	0.000000e+00	0.000000e+00
 36.3435	       531	4.314994e+11	     7731.50	     4037.68	  225.97	506.463410	  258.51	   -2.18e+10	   3.139e+10	  -3.718e+10	  0.908107	  0.801903	 -0.382467	  0.158613	  0.910253	  0.101595	  0.986401	 -0.129194	  0.918367	 -0.043064	  0.393380	1.441823e+16	-3.395077e+16	0.000000e+00	0.000000e+00	0.000000e+00
 46.5106	       703	5.712695e+11	     4883.69	     2285.15	  229.83	480.741080	  260.00	  -6.669e+10	   1.514e+11	  -9.496e+10	  0.894774	  0.839153	 -0.263021	  0.489785	  0.831223	  0.343417	  0.852658	 -0.393749	  0.901601	 -0.181892	  0.392468	1.930846e+16	-4.246754e+16	0.000000e+00	0.000000e+00	0.000000e+00
 59.5220	       918	7.459820e+11	     3042.70	     1362.85	  232.16	452.682317	  257.11	  -2.174e+11	   3.119e+11	  -2.037e+11	  0.906001	  0.811315	 -0.374851	  0.160722	  0.913047	  0.427353	  0.903937	  0.016331	  0.822713	 -0.396316	  0.407526	2.465766e+16	-5.200038e+16	0.000000e+00	0.000000e+00	0.000000e+00
 76.1734	      1150	9.345091e+11	     1818.60	      701.65	  229.70	422.291497	  253.48	  -4.528e+11	   3.179e+11	  -4.804e+11	  0.945964	  0.812112	 -0.448797	  0.137692	  0.882962	  0.382643	  0.922508	  0.050634	  0.807568	 -0.360584	  0.466705	3.002156e+16	-6.104034e+16	0.000000e+00	0.000000e+00	0.000000e+00
 97.4830	      1425	1.157979e+12	     1075.17	      396.82	  226.02	391.002977	  249.13	  -7.352e+11	   4.662e+11	  -8.934e+11	  0.917587	  0.769565	 -0.423350	 -0.034316	  0.905316	  0.393539	  0.893115	  0.217883	  0.816028	 -0.448518	  0.364596	3.593667e+16	-7.025458e+16	0.000000e+00	0.000000e+00	0.000000e+00
124.7540	      1735	1.409890e+12	      624.58	      213.42	  220.46	358.110509	  241.54	  -1.155e+12	   4.001e+11	  -1.574e+12	  0.931848	  0.798319	 -0.433813	 -0.022068	  0.900733	  0.385026	  0.899284	  0.207470	  0.814593	 -0.436808	  0.381624	4.112878e+16	-7.907491e+16	0.000000e+00	0.000000e+00	0.000000e+00
159.6541	      2095	1.702432e+12	      359.83	      118.25	  214.15	323.881062	  235.06	  -1.826e+12	   1.053e+12	  -2.108e+12	  0.945271	  0.828038	 -0.358999	  0.098987	  0.928074	  0.507940	  0.854933	  0.105296	  0.783018	 -0.509207	  0.357199	4.703112e+16	-8.758778e+16	0.000000e+00	0.000000e+00	0.000000e+00
204.3310	      2440	1.982784e+12	      199.91	       54.05	  204.29	288.912924	  227.28	  -2.493e+12	   1.835e+12	  -2.513e+12	  0.928574	  0.864939	 -0.241146	 -0.062752	  0.968458	  0.354084	  0.923428	  0.148001	  0.903589	 -0.378605	  0.200461	5.121170e+16	-9.413435e+16	0.000000e+00	0.000000e+00	0.000000e+00
 -5.5109	         8	6.500933e+09	    33409.93	    33409.93	   71.23	554.477886	  128.07	  -1.072e+09	  -8.417e+08	   6.716e+08	  0.000000	  0.000000	  0.000000	  0.000000	  0.000000	  0.000000	  0.000000	  0.000000	  0.000000	  0.000000	  0.000000	5.331699e+13	-5.024810e+14	0.000000e+00	0.000000e+00	0.000000e+00
 -6.8808	        24	1.950280e+10	    51493.00	    70598.72	  110.41	549.279976	  179.91	  -4.175e+09	   1.779e+09	    3.88e+09	  0.739917	  0.600227	  0.175363	  0.757367	 -0.629002	  0.708070	  0.346876	  0.615072	  0.684021	 -0.553238	 -0.475440	3.156459e+14	-1.496441e+15	0.000000e+00	0.000000e+00	0.000000e+00
 -8.5912	        37	3.006681e+10	    40784.02	    29469.42	  122.68	545.336801	  208.50	  -7.672e+09	   5.805e+09	    5.25e+09	  0.834751	  0.719008	  0.146610	  0.874526	 -0.462287	  0.825827	  0.149051	  0.543869	  0.544532	 -0.461505	 -0.700355	6.535463e+14	-2.287111e+15	0.000000e+00	0.000000e+00	0.000000e+00
-10.7268	        63	5.119484e+10	    35676.34	    30279.80	  143.27	537.965791	  207.60	  -4.242e+09	   5.296e+09	   9.407e+09	  0.789763	  0.747692	  0.460855	  0.853989	 -0.241484	 -0.245072	  0.383983	  0.890223	  0.852967	 -0.351083	  0.386249	1.103244e+15	-3.834369e+15	0.000000e+00	0.000000e+00	0.000000e+00
-13.3933	        92	7.476073e+10	    26765.72	    17351.18	  154.94	529.265019	  215.98	   7.156e+09	  -2.408e+09	   1.184e+10	  0.782412	  0.761579	  0.314552	  0.849099	 -0.424367	  0.734879	 -0.500804	 -0.457328	  0.600841	  0.168005	  0.781514	1.743764e+15	-5.507391e+15	0.000000e+00	0.000000e+00	0.000000e+00
-16.7225	       143	1.162042e+11	    21373.64	    15676.63	  172.87	517.502087	  214.45	   5.042e+09	  -1.144e+10	   1.364e+10	  0.812810	  0.743764	  0.489648	  0.774053	 -0.401356	  0.326095	  0.264337	  0.907628	  0.808645	 -0.575298	 -0.122983	2.672074e+15	-8.347485e+15	0.000000e+00	0.000000e+00	0.000000e+00
-20.8794	       200	1.625233e+11	    15357.62	     9001.37	  182.96	504.000901	  215.19	   3.456e+10	  -2.801e+10	   2.366e+10	  0.857398	  0.757523	  0.422877	  0.902864	 -0.077535	  0.116591	  0.030642	  0.992707	  0.898656	 -0.428833	 -0.092308	3.762941e+15	-1.136524e+16	0.000000e+00	0.000000e+00	0.000000e+00
 26.0696	       273	2.218443e+11	    10769.81	     5922.54	  191.30	487.999115	  220.66	   8.268e+10	   -5.26e+10	    4.38e+10	  0.844967	  0.731216	  0.467593	  0.842302	 -0.268112	  0.040760	  0.282445	  0.958417	  0.883003	 -0.459078	  0.097737	5.400724e+15	-1.500914e+16	0.000000e+00	0.000000e+00	0.000000e+00
 32.5500	       366	2.974177e+11	     7417.85	     3876.32	  198.23	471.007836	  228.38	   1.457e+11	   -3.58e+10	   8.877e+10	  0.796605	  0.691419	  0.503985	  0.786925	 -0.356018	 -0.109777	  0.467213	  0.877303	  0.856708	 -0.403065	  0.321854	7.756305e+15	-1.934455e+16	0.000000e+00	0.000000e+00	0.000000e+00
 40.6413	       505	4.103714e+11	     5258.23	     2976.48	  208.39	451.029987	  228.82	   2.502e+11	  -8.482e+10	   1.926e+11	  0.817529	  0.691619	  0.576920	  0.642238	 -0.504672	  0.125239	  0.541005	  0.831642	  0.807142	 -0.542995	  0.231683	1.074355e+16	-2.533786e+16	0.000000e+00	0.000000e+00	0.000000e+00
 50.7438	       637	5.176368e+11	     3407.52	     1452.16	  209.45	429.129688	  229.12	   3.923e+11	  -1.916e+11	   1.833e+11	  0.780611	  0.716541	  0.546832	  0.508256	 -0.665321	  0.514425	  0.422999	  0.745949	 -0.660562	  0.750166	  0.030150	1.358745e+16	-3.053807e+16	0.000000e+00	0.000000e+00	0.000000e+00
 63.3577	       777	6.314031e+11	     2135.36	      791.26	  207.02	406.188233	  228.47	   5.831e+11	  -2.328e+11	   1.778e+11	  0.797466	  0.705037	 -0.506880	 -0.455264	  0.731989	  0.438100	  0.595261	  0.673596	 -0.742389	  0.662117	 -0.102275	1.647869e+16	-3.547779e+16	0.000000e+00	0.000000e+00	0.000000e+00
 79.1072	       981	7.971769e+11	     1385.07	      592.34	  208.18	381.657921	  227.06	   9.252e+11	  -5.304e+11	     9.5e+10	  0.760984	  0.668790	  0.500450	  0.504650	 -0.703476	  0.508484	  0.486310	  0.710596	 -0.700709	  0.713324	  0.013233	2.055021e+16	-4.192369e+16	0.000000e+00	0.000000e+00	0.000000e+00
 98.7716	      1200	9.751399e+11	      870.43	      326.69	  206.06	355.596031	  223.85	    1.36e+12	  -9.466e+11	   1.408e+11	  0.737241	  0.629157	 -0.470867	 -0.505064	  0.723322	  0.552027	  0.470872	  0.688147	  0.688150	 -0.723319	 -0.057091	2.443264e+16	-4.799621e+16	0.000000e+00	0.000000e+00	0.000000e+00
123.3242	      1423	1.156353e+12	      530.29	      170.90	  200.81	328.741244	  220.44	   2.109e+12	  -1.284e+12	   1.296e+11	  0.748622	  0.650570	 -0.468592	 -0.472951	  0.746149	  0.493273	  0.560611	  0.665129	  0.732873	 -0.679729	  0.029404	2.809471e+16	-5.332120e+16	0.000000e+00	0.000000e+00	0.000000e+00
153.9800	      1696	1.378198e+12	      324.70	      107.49	  196.20	300.902311	  216.36	   3.214e+12	  -1.611e+12	    2.32e+11	  0.784436	  0.643895	 -0.456046	 -0.452370	  0.766409	  0.471142	  0.607878	  0.639147	  0.755015	 -0.652568	  0.064090	3.225875e+16	-5.879507e+16	0.000000e+00	0.000000e+00	0.000000e+00
192.2699	      2033	1.652050e+12	      199.92	       68.14	  192.23	271.864940	  211.71	   4.159e+12	  -1.474e+12	   5.363e+11	  0.809430	  0.694078	 -0.517911	 -0.421656	  0.744295	  0.457837	  0.598340	  0.657552	 -0.722602	  0.681319	 -0.116837	3.702277e+16	-6.439972e+16	0.000000e+00	0.000000e+00	0.000000e+00
 -4.5550	        12	9.751399e+09	    88751.61	    88751.61	   95.95	551.502976	  165.88	  -9.425e+08	  -1.424e+09	  -1.089e+09	  0.907692	  0.720916	 -0.481824	  0.254719	  0.838429	  0.857595	  0.333552	  0.391503	 -0.179936	  0.907668	 -0.379158	1.341669e+14	-7.481283e+14	0.000000e+00	0.000000e+00	0.000000e+00
 -5.8351	        20	1.625233e+10	    70360.13	    53675.75	  109.45	546.948426	  194.82	  -1.484e+09	  -4.393e+08	  -9.055e+08	  0.776964	  0.631657	  0.477934	  0.230890	  0.847507	  0.648491	 -0.743536	 -0.163138	  0.592485	  0.627570	 -0.505091	3.084266e+14	-1.237950e+15	0.000000e+00	0.000000e+00	0.000000e+00
 -7.4751	        32	2.600373e+10	    53548.61	    38297.56	  122.31	539.337982	  184.00	  -2.422e+09	  -3.682e+09	  -8.065e+08	  0.921297	  0.718456	 -0.263269	  0.687842	  0.676434	 -0.740880	  0.304932	 -0.598425	  0.617888	  0.658704	 -0.429329	4.402144e+14	-1.959146e+15	0.000000e+00	0.000000e+00	0.000000e+00
 -9.5760	        53	4.306868e+10	    42186.72	    31879.44	  139.08	533.149665	  208.85	   6.284e+09	  -7.501e+08	  -1.374e+09	  0.866133	  0.806004	 -0.331478	  0.923928	 -0.190997	 -0.247592	  0.110159	  0.962582	  0.910396	  0.366364	  0.192242	9.392975e+14	-3.185059e+15	0.000000e+00	0.000000e+00	0.000000e+00
-12.2673	        89	7.232288e+10	    33697.02	    25995.34	  159.23	522.583212	  208.37	   1.198e+10	  -9.686e+08	  -3.015e+09	  0.935905	  0.855817	  0.022149	 -0.192719	  0.981004	 -0.592098	  0.788119	  0.168195	  0.805562	  0.584575	  0.096652	1.570086e+15	-5.222625e+15	0.000000e+00	0.000000e+00	0.000000e+00
-15.7150	       127	1.032023e+11	    22872.14	    13052.04	  168.06	509.400966	  206.02	    1.13e+10	  -2.209e+09	   3.654e+09	  0.939879	  0.834598	  0.151469	 -0.205314	  0.966904	 -0.263986	  0.934258	  0.239737	  0.952559	  0.291562	 -0.087311	2.190211e+15	-7.273890e+15	0.000000e+00	0.000000e+00	0.000000e+00
-20.1318	       184	1.495215e+11	    15762.41	     9312.61	  178.72	495.301707	  217.25	   8.801e+09	   6.334e+09	  -7.769e+09	  0.838667	  0.767350	  0.176248	 -0.579317	  0.795819	 -0.122448	  0.789293	  0.601684	  0.976700	  0.203492	 -0.068175	3.528465e+15	-1.018712e+16	0.000000e+00	0.000000e+00	0.000000e+00
 25.7898	       259	2.104677e+11	    10553.74	     5828.53	  187.34	478.237353	  217.99	   1.849e+10	   2.433e+10	  -1.076e+10	  0.810235	  0.671344	  0.048493	  0.803906	 -0.592776	  0.178884	  0.576889	  0.796994	  0.982674	 -0.144687	 -0.115831	5.000723e+15	-1.378971e+16	0.000000e+00	0.000000e+00	0.000000e+00
 33.0380	       386	3.136700e+11	     7481.62	     4694.65	  202.07	458.341299	  222.03	   3.904e+10	   3.656e+10	  -1.708e+10	  0.944404	  0.768921	 -0.040779	  0.838775	 -0.542948	  0.143026	  0.542704	  0.827657	  0.988878	 -0.043905	 -0.142098	7.731308e+15	-1.943659e+16	0.000000e+00	0.000000e+00	0.000000e+00
 42.3233	       518	4.209354e+11	     4775.73	     2321.00	  206.82	435.192566	  226.09	   6.638e+10	   9.121e+10	  -2.055e+10	  0.933179	  0.772898	 -0.108758	  0.761962	 -0.638424	  0.151648	  0.647434	  0.746882	  0.982433	 -0.015586	 -0.185964	1.075794e+16	-2.478608e+16	0.000000e+00	0.000000e+00	0.000000e+00
 54.2183	       680	5.525793e+11	     2982.09	     1354.93	  209.36	409.745008	  224.11	  -9.307e+10	   1.342e+11	  -5.586e+10	  0.946967	  0.764224	  0.026162	 -0.669670	  0.742198	  0.080098	  0.741470	  0.666189	  0.996444	 -0.042020	 -0.073037	1.387620e+16	-3.065714e+16	0.000000e+00	0.000000e+00	0.000000e+00
 69.4564	       852	6.923493e+11	     1777.27	      684.28	  207.05	382.460154	  220.97	  -1.679e+11	   2.692e+11	   -1.09e+10	  0.940576	  0.850479	 -0.061385	  0.777792	 -0.625517	  0.001114	  0.626752	  0.779218	  0.998114	  0.047136	 -0.039339	1.690244e+16	-3.613016e+16	0.000000e+00	0.000000e+00	0.000000e+00
 88.9771	      1036	8.418708e+11	     1027.96	      348.20	  201.72	354.739513	  217.20	  -3.388e+11	   4.462e+11	   4.029e+10	  0.945989	  0.848704	 -0.094642	 -0.584208	  0.806067	  0.028244	  0.807799	  0.588780	  0.995111	 -0.078490	  0.059951	1.985877e+16	-4.119104e+16	0.000000e+00	0.000000e+00	0.000000e+00
113.9841	      1275	1.036086e+12	      601.76	      215.13	  197.72	325.506788	  214.29	   -7.12e+10	   6.978e+11	   9.501e+10	  0.979219	  0.870239	  0.298085	  0.866949	 -0.399430	 -0.050704	  0.432243	  0.900330	  0.953192	 -0.248122	  0.172803	2.378956e+16	-4.681356e+16	0.000000e+00	0.000000e+00	0.000000e+00
146.0194	      1530	1.243303e+12	      343.49	      109.18	  191.36	295.426809	  210.82	  -5.662e+10	   1.151e+12	   -4.41e+11	  0.952979	  0.858775	  0.076018	  0.957179	  0.279338	 -0.147055	 -0.266323	  0.952600	  0.986203	 -0.113492	  0.120513	2.762980e+16	-5.179242e+16	0.000000e+00	0.000000e+00	0.000000e+00
187.0717	      1863	1.513905e+12	      198.90	       67.79	  186.56	263.841370	  206.29	  -7.703e+11	   1.534e+12	  -1.777e+12	  0.972286	  0.842668	 -0.086348	  0.732911	  0.674823	  0.385571	  0.649153	 -0.655695	  0.918629	 -0.203574	  0.338642	3.221324e+16	-5.706855e+16	0.000000e+00	0.000000e+00	0.000000e+00
 -2.8014	         7	5.688316e+09	   222546.37	   222546.37	   93.45	549.485101	  127.47	  -5.233e+08	   4.229e+08	   6.221e+07	  0.000000	  0.000000	  0.000000	  0.000000	  0.000000	  0.000000	  0.000000	  0.000000	  0.000000	  0.000000	  0.000000	4.621276e+13	-4.368490e+14	0.000000e+00	0.000000e+00	0.000000e+00
 -3.6610	        11	8.938782e+09	   156696.77	   103238.70	  102.47	545.973791	  176.86	   -1.05e+09	   1.468e+09	  -6.194e+08	  0.663531	  0.500778	  0.986193	  0.041030	 -0.160438	  0.148885	  0.204514	  0.967475	 -0.072507	  0.978003	 -0.195581	1.397950e+14	-6.803466e+14	0.000000e+00	0.000000e+00	0.000000e+00
 -4.7842	        16	1.300187e+10	   102125.03	    57822.57	  108.11	541.182061	  161.10	  -1.079e+09	   8.986e+08	  -1.134e+09	  0.792553	  0.654522	  0.785905	 -0.083138	 -0.612733	  0.601685	  0.331305	  0.726782	 -0.142578	  0.939854	 -0.310397	1.687257e+14	-9.805183e+14	0.000000e+00	0.000000e+00	0.000000e+00
 -6.2522	        26	2.112803e+10	    74358.47	    51817.00	  120.55	534.318869	  166.71	  -1.852e+09	   5.615e+08	   -1.74e+09	  0.917600	  0.624480	  0.613306	 -0.161053	 -0.773251	  0.646410	  0.664921	  0.374212	 -0.453883	  0.729343	 -0.511907	2.935820e+14	-1.566549e+15	0.000000e+00	0.000000e+00	0.000000e+00
 -8.1705	        37	3.006681e+10	    47413.68	    25539.35	  125.80	526.758642	  161.60	   -1.86e+09	    4.27e+08	  -1.529e+09	  0.907558	  0.701550	 -0.416485	 -0.135572	  0.898978	  0.622805	  0.677808	  0.390756	 -0.662310	  0.722631	 -0.197862	3.926025e+14	-2.198328e+15	0.000000e+00	0.000000e+00	0.000000e+00
-10.6775	        65	5.282008e+10	    37321.59	    29128.63	  145.86	516.616349	  199.67	  -1.714e+09	   8.449e+09	  -2.817e+09	  0.782582	  0.676087	  0.396258	  0.400307	  0.826277	  0.865476	  0.137551	 -0.481696	 -0.306481	  0.905999	 -0.291950	1.052960e+15	-3.747887e+15	0.000000e+00	0.000000e+00	0.000000e+00
-13.9536	       100	8.126166e+10	    25727.15	    16314.54	  158.26	505.305505	  225.36	   -1.36e+10	   5.939e+09	   2.015e+09	  0.822914	  0.661964	 -0.036429	  0.667430	  0.743781	  0.998121	  0.061000	 -0.005852	 -0.049276	  0.742170	 -0.668398	2.063468e+15	-5.597580e+15	0.000000e+00	0.000000e+00	0.000000e+00
-18.2349	       155	1.259556e+11	    17867.68	    11487.21	  172.35	491.311124	  225.74	  -1.848e+10	   2.214e+09	   1.651e+10	  0.880892	  0.726338	  0.327574	  0.544483	  0.772162	  0.900475	  0.067538	 -0.429632	 -0.286077	  0.836049	 -0.468169	3.209302e+15	-8.361002e+15	0.000000e+00	0.000000e+00	0.000000e+00
 23.8299	       227	1.844640e+11	    11724.85	     6737.97	  182.46	473.324414	  230.03	  -2.392e+10	   1.958e+10	  -7.753e+09	  0.836301	  0.759598	  0.038086	  0.337812	  0.940443	  0.957966	  0.255454	 -0.130556	 -0.284343	  0.905884	 -0.313884	4.880187e+15	-1.177368e+16	0.000000e+00	0.000000e+00	0.000000e+00
 31.1416	       322	2.616625e+11	     7452.16	     3983.50	  190.09	453.161535	  231.77	   6.831e+08	   3.587e+10	  -1.217e+10	  0.795048	  0.739655	 -0.020683	  0.303083	  0.952740	  0.995877	  0.090430	 -0.007148	 -0.088322	  0.948664	 -0.303704	7.028120e+15	-1.591329e+16	0.000000e+00	0.000000e+00	0.000000e+00
 40.6967	       432	3.510504e+11	     4479.76	     2066.71	  192.61	431.085572	  234.35	   3.919e+10	   4.277e+10	      -7e+09	  0.797923	  0.750098	  0.367307	  0.391271	  0.843796	 -0.904754	  0.360653	  0.226606	  0.215653	  0.846662	 -0.486475	9.640055e+15	-2.027466e+16	0.000000e+00	0.000000e+00	0.000000e+00
 53.1836	       579	4.705050e+11	     2690.26	     1237.51	  195.06	407.438342	  239.46	   1.677e+11	   1.418e+10	  -2.183e+10	  0.760242	  0.737118	  0.392422	  0.380033	  0.837603	  0.732728	  0.421294	 -0.534435	 -0.555980	  0.823460	 -0.113136	1.349005e+16	-2.550090e+16	0.000000e+00	0.000000e+00	0.000000e+00
 69.5018	       764	6.208391e+11	     1590.58	      697.83	  196.00	381.237812	  250.27	    2.97e+11	   1.668e+11	   1.889e+10	  0.803510	  0.723048	  0.400679	  0.374758	  0.836070	  0.810138	  0.281300	 -0.514341	 -0.427940	  0.883418	 -0.190894	1.944275e+16	-3.135749e+16	0.000000e+00	0.000000e+00	0.000000e+00
 90.8269	       983	7.988021e+11	      916.98	      370.14	  194.48	353.584030	  258.11	   4.253e+11	   4.596e+11	   -7.46e+10	  0.781879	  0.736339	  0.359700	  0.306982	  0.881123	  0.923146	  0.020268	 -0.383916	 -0.135713	  0.951500	 -0.276099	2.660747e+16	-3.737735e+16	0.000000e+00	0.000000e+00	0.000000e+00
118.6952	      1345	1.092969e+12	      562.18	      274.14	  199.00	323.598259	  275.24	   2.153e+12	   1.031e+12	  -9.325e+11	  0.692319	  0.666429	  0.454613	  0.297953	  0.839375	  0.851396	  0.131452	 -0.507785	 -0.261634	  0.945486	 -0.193916	4.139872e+16	-4.574335e+16	0.000000e+00	0.000000e+00	0.000000e+00
