#r(1)	npart(2)	M_in_r(3)	ovdens(4)	dens(5)	vcirc(6)	vesc(7)	sigv(8)	Lx(9)	Ly(10)	Lz(11)	b(12)	c(13)	Eax(14)	Eay(15)	Eaz(16)	Ebx(17)	Eby(18)	Ebz(19)	Ecx(20)	Ecy(21)	Ecz(22)	Ekin(23)	Epot(24)	M_gas(25)	M_star(26)	U_gas(27)	
 -5.0780	         5	4.063084e+09	    51936.35	    51936.35	   71.78	1265.528142	  346.52	  -1.181e+07	  -1.169e+09	  -1.407e+09	  0.000000	  0.000000	  0.000000	  0.000000	  0.000000	  0.000000	  0.000000	  0.000000	  0.000000	  0.000000	  0.000000	2.439361e+14	-1.628881e+15	0.000000e+00	0.000000e+00	0.000000e+00
 -6.2734	         9	7.313551e+09	    49581.36	    46921.84	   86.65	1264.123874	  406.12	   1.685e+09	    6.12e+08	  -1.942e+09	  0.000000	  0.000000	  0.000000	  0.000000	  0.000000	  0.000000	  0.000000	  0.000000	  0.000000	  0.000000	  0.000000	6.031242e+14	-2.928767e+15	0.000000e+00	0.000000e+00	0.000000e+00
 -7.7502	        16	1.300187e+10	    46748.79	    43549.94	  103.94	1263.374052	  375.06	   1.299e+08	   3.432e+09	   1.097e+09	  0.865120	  0.449711	  0.724456	  0.143070	  0.674311	 -0.423249	 -0.679788	  0.598956	 -0.544081	  0.719318	  0.431922	9.144767e+14	-5.199612e+15	0.000000e+00	0.000000e+00	0.000000e+00
 -9.5746	        26	2.112804e+10	    40290.09	    32996.21	  119.21	1261.195969	  405.91	  -1.286e+09	   5.376e+09	   3.913e+09	  0.812176	  0.649567	  0.680567	  0.729414	  0.069172	  0.126305	 -0.209791	  0.969554	  0.721718	 -0.651109	 -0.234905	1.740586e+15	-8.436044e+15	0.000000e+00	0.000000e+00	0.000000e+00
-11.8285	        38	3.087944e+10	    31230.79	    21000.03	  129.66	1258.690971	  384.18	   5.251e+09	   3.219e+09	   4.795e+09	  0.735598	  0.695271	  0.620988	  0.783791	  0.006804	  0.771745	 -0.612916	  0.169539	 -0.137053	  0.100031	  0.985500	2.278805e+15	-1.230485e+16	0.000000e+00	0.000000e+00	0.000000e+00
-14.6130	        70	5.688317e+10	    30512.09	    29700.45	  158.33	1255.172934	  416.59	   1.376e+10	   3.152e+09	   3.916e+09	  0.844219	  0.804703	  0.687050	  0.708358	 -0.161840	  0.726398	 -0.674979	  0.129416	  0.017565	  0.206475	  0.978294	4.935926e+15	-2.257900e+16	0.000000e+00	0.000000e+00	0.000000e+00
-18.0529	       134	1.088906e+11	    30977.99	    31504.14	  197.09	1249.635239	  462.58	   2.495e+10	   7.376e+10	   1.566e+09	  0.839939	  0.698695	  0.885533	  0.213302	  0.412714	 -0.148469	 -0.711847	  0.686463	 -0.440213	  0.669161	  0.598695	1.165004e+16	-4.297800e+16	0.000000e+00	0.000000e+00	0.000000e+00
-22.3026	       234	1.901523e+11	    28690.55	    26107.31	  234.32	1241.669125	  488.07	  -2.816e+10	   1.818e+11	  -3.191e+10	  0.821611	  0.722919	  0.876065	  0.404991	  0.261712	  0.039447	 -0.601128	  0.798178	 -0.480577	  0.688932	  0.542603	2.264854e+16	-7.450797e+16	0.000000e+00	0.000000e+00	0.000000e+00
 27.5527	       400	3.250467e+11	    26011.02	    22985.01	  275.63	1230.446743	  523.02	  -7.938e+10	   3.763e+11	  -2.097e+10	  0.841770	  0.745041	  0.909457	  0.336393	  0.244393	 -0.095817	 -0.402396	  0.910438	 -0.404608	  0.851421	  0.333730	4.445797e+16	-1.260493e+17	0.000000e+00	0.000000e+00	0.000000e+00
 34.0387	       623	5.062602e+11	    21486.22	    16376.31	  309.49	1215.610966	  528.68	  -2.293e+11	    8.81e+11	   1.942e+10	  0.794717	  0.708423	  0.881269	  0.228546	  0.413680	 -0.230957	 -0.555411	  0.798860	 -0.412339	  0.799553	  0.436682	7.075095e+16	-1.937955e+17	0.000000e+00	0.000000e+00	0.000000e+00
 42.0515	       919	7.467948e+11	    16809.78	    11528.62	  338.18	1197.349704	  551.65	  -5.036e+11	   1.709e+12	   4.522e+10	  0.808995	  0.741234	  0.908822	  0.125793	  0.397767	 -0.239688	 -0.622939	  0.744645	 -0.341456	  0.772090	  0.535990	1.136327e+17	-2.812661e+17	0.000000e+00	0.000000e+00	0.000000e+00
 51.9505	      1336	1.085656e+12	    12960.67	     8613.83	  366.85	1174.785894	  568.95	  -1.153e+12	   3.545e+12	  -5.019e+10	  0.833681	  0.738747	  0.919109	  0.199784	  0.339597	 -0.192039	 -0.525450	  0.828869	 -0.344035	  0.827036	  0.444579	1.757155e+17	-4.005354e+17	0.000000e+00	0.000000e+00	0.000000e+00
 64.1797	      1888	1.534220e+12	     9713.99	     6047.47	  392.36	1148.771009	  583.11	  -1.687e+12	   6.152e+12	   2.247e+11	  0.845537	  0.741744	  0.880744	  0.209820	  0.424577	 -0.251060	 -0.553313	  0.794238	 -0.401571	  0.806115	  0.434649	2.608327e+17	-5.517575e+17	0.000000e+00	0.000000e+00	0.000000e+00
 79.2878	      2532	2.057546e+12	     6909.29	     3741.92	  408.80	1118.662527	  589.85	  -1.621e+12	   8.862e+12	   5.456e+11	  0.855242	  0.791020	  0.809958	  0.248141	  0.531407	 -0.387889	 -0.452965	  0.802724	 -0.439897	  0.856300	  0.270632	3.579288e+17	-7.199269e+17	0.000000e+00	0.000000e+00	0.000000e+00
 97.9524	      3354	2.725517e+12	     4854.09	     2533.12	  423.31	1085.438764	  589.74	  -1.765e+12	   1.315e+13	   9.176e+11	  0.849842	  0.779707	  0.733394	  0.224257	  0.641749	 -0.581303	 -0.282554	  0.763053	 -0.352449	  0.932669	  0.076862	4.739625e+17	-9.227381e+17	0.000000e+00	0.000000e+00	0.000000e+00
121.0106	      4402	3.577139e+12	     3378.85	     1712.85	  436.31	1048.668842	  590.58	  -3.445e+11	   1.805e+13	   1.633e+12	  0.818351	  0.760942	  0.642574	  0.246670	  0.725432	  0.710083	  0.164015	 -0.684749	 -0.287888	  0.955119	 -0.069764	6.238327e+17	-1.165210e+18	0.000000e+00	0.000000e+00	0.000000e+00
149.4968	      5782	4.698550e+12	     2353.81	     1196.22	  449.89	1008.308852	  588.59	   4.127e+11	   2.195e+13	   5.297e+12	  0.804023	  0.769680	  0.535922	  0.238695	  0.809822	  0.722455	  0.366674	 -0.586182	 -0.436859	  0.899208	  0.024062	8.138761e+17	-1.461533e+18	0.000000e+00	0.000000e+00	0.000000e+00
184.6888	      7596	6.172637e+12	     1640.03	      833.96	  463.94	963.546192	  585.93	  -5.475e+12	   2.324e+13	   1.255e+13	  0.817734	  0.761903	  0.536386	  0.234431	  0.810760	  0.321511	  0.831452	 -0.453120	 -0.780334	  0.503716	  0.370607	1.059584e+18	-1.819336e+18	0.000000e+00	0.000000e+00	0.000000e+00
228.1650	      9923	8.063596e+12	     1136.28	      567.39	  477.07	913.577042	  582.63	  -1.082e+13	   1.315e+13	   1.918e+13	  0.804553	  0.735477	  0.563558	  0.174863	  0.807357	  0.227151	  0.906861	 -0.354973	 -0.794232	  0.383440	  0.471349	1.368636e+18	-2.235692e+18	0.000000e+00	0.000000e+00	0.000000e+00
281.8756	     12920	1.049901e+13	      784.66	      387.56	  489.76	857.715816	  581.04	  -7.836e+12	   -7.52e+12	     1.5e+13	  0.784931	  0.706985	  0.605007	  0.204100	  0.769617	  0.201355	  0.895950	 -0.395892	 -0.770339	  0.394484	  0.500959	1.772275e+18	-2.713042e+18	0.000000e+00	0.000000e+00	0.000000e+00
348.2298	     16195	1.316033e+13	      521.64	      224.62	  493.34	795.727913	  569.16	  -1.508e+13	  -3.208e+13	   2.287e+13	  0.714363	  0.671282	  0.683208	  0.222224	  0.695588	 -0.398720	 -0.684505	  0.610308	 -0.611759	  0.694312	  0.379054	2.131619e+18	-3.168206e+18	0.000000e+00	0.000000e+00	0.000000e+00
430.2040	     19515	1.585822e+13	      333.38	      120.77	  487.23	728.723360	  559.95	  -2.708e+13	   -7.65e+13	   4.206e+13	  0.703082	  0.647201	  0.701145	  0.198280	  0.684895	 -0.606399	 -0.339458	  0.719061	 -0.375068	  0.919485	  0.117772	2.486153e+18	-3.561406e+18	0.000000e+00	0.000000e+00	0.000000e+00
531.4887	     22068	1.793283e+13	      199.93	       49.24	  466.14	659.234798	  550.54	  -3.746e+13	   -1.03e+14	   5.323e+13	  0.713473	  0.642726	  0.661905	  0.159927	  0.732328	  0.655176	  0.351219	 -0.668872	 -0.364178	  0.922534	  0.127693	2.717640e+18	-3.812688e+18	0.000000e+00	0.000000e+00	0.000000e+00
 -4.1256	         5	4.063084e+09	    96847.00	    96847.00	   79.64	883.021937	  299.03	   1.148e+09	  -1.006e+09	   9.156e+08	  0.000000	  0.000000	  0.000000	  0.000000	  0.000000	  0.000000	  0.000000	  0.000000	  0.000000	  0.000000	  0.000000	1.816553e+14	-7.989000e+14	0.000000e+00	0.000000e+00	0.000000e+00
 -5.2258	         6	4.875701e+09	    57183.42	    18762.54	   77.51	881.887655	  283.37	   1.244e+09	  -8.548e+08	   1.433e+09	  0.000000	  0.000000	  0.000000	  0.000000	  0.000000	  0.000000	  0.000000	  0.000000	  0.000000	  0.000000	  0.000000	1.957511e+14	-9.568983e+14	0.000000e+00	0.000000e+00	0.000000e+00
 -6.6195	        15	1.218925e+10	    70341.69	    83087.69	  108.90	879.643048	  230.56	   2.369e+09	  -5.575e+08	   1.866e+09	  0.771521	  0.603622	  0.974418	 -0.219710	 -0.047303	  0.139334	  0.425424	  0.894204	  0.176342	  0.877919	 -0.445154	3.239862e+14	-2.375690e+15	0.000000e+00	0.000000e+00	0.000000e+00
 -8.3847	        25	2.031542e+10	    57685.17	    45425.20	  124.91	874.995955	  265.33	   2.912e+09	   -1.25e+09	   6.825e+08	  0.762990	  0.634916	  0.780337	 -0.602762	 -0.166590	  0.469065	  0.387981	  0.793378	  0.413584	  0.697244	 -0.585490	7.151128e+14	-3.940766e+15	0.000000e+00	0.000000e+00	0.000000e+00
-10.6207	        38	3.087944e+10	    43143.01	    29056.47	  136.84	871.161651	  317.55	  -1.491e+09	   1.865e+09	  -1.928e+09	  0.840201	  0.678434	  0.888262	 -0.449280	 -0.095591	  0.308170	  0.428570	  0.849329	  0.340619	  0.783885	 -0.519137	1.556910e+15	-5.955393e+15	0.000000e+00	0.000000e+00	0.000000e+00
-13.4530	        75	6.094626e+10	    41897.76	    40691.52	  170.81	864.516318	  297.08	   4.361e+09	  -2.035e+09	    -5.2e+09	  0.888914	  0.819517	 -0.594738	  0.718337	  0.360942	  0.775035	  0.393059	  0.494799	 -0.213561	 -0.574018	  0.790503	2.689438e+15	-1.161969e+16	0.000000e+00	0.000000e+00	0.000000e+00
-17.0406	       117	9.507616e+10	    32160.15	    22727.63	  189.55	855.860674	  291.06	  -4.634e+09	  -2.345e+09	  -5.574e+09	  0.890152	  0.858574	  0.872511	 -0.443176	 -0.205720	  0.118680	 -0.216201	  0.969109	  0.473962	  0.869973	  0.136042	4.027304e+15	-1.792493e+16	0.000000e+00	0.000000e+00	0.000000e+00
-21.5850	       186	1.511467e+11	    25156.36	    18372.01	  212.36	844.104421	  312.15	  -5.634e+08	   8.216e+09	  -2.175e+10	  0.867039	  0.824169	  0.921408	 -0.218708	 -0.321206	  0.330648	  0.006997	  0.943728	  0.204153	  0.975765	 -0.078763	7.363587e+15	-2.806877e+16	0.000000e+00	0.000000e+00	0.000000e+00
 27.3412	       279	2.267201e+11	    18567.00	    12184.09	  231.09	830.442384	  332.22	   1.537e+10	  -5.557e+10	    2.41e+10	  0.880057	  0.832164	  0.989618	 -0.127339	 -0.066645	  0.118590	  0.461491	  0.879183	  0.081198	  0.877958	 -0.471801	1.251154e+16	-4.129989e+16	0.000000e+00	0.000000e+00	0.000000e+00
 34.6324	       400	3.250467e+11	    13097.86	     7800.07	  245.85	814.184891	  341.59	  -2.866e+10	  -7.847e+10	   5.532e+10	  0.863657	  0.795846	  0.970189	 -0.172835	  0.169889	 -0.153806	  0.102632	  0.982756	  0.187291	  0.979589	 -0.072989	1.896377e+16	-5.790506e+16	0.000000e+00	0.000000e+00	0.000000e+00
 43.8681	       604	4.908205e+11	     9731.50	     6470.62	  268.43	794.801865	  357.15	  -6.148e+10	  -2.153e+11	   1.987e+11	  0.812493	  0.767425	  0.948459	 -0.217003	  0.230945	 -0.126878	  0.407774	  0.904225	  0.290393	  0.886922	 -0.359224	3.130442e+16	-8.469241e+16	0.000000e+00	0.000000e+00	0.000000e+00
 55.5667	       880	7.151027e+11	     6976.35	     4307.52	  287.89	771.531887	  362.28	  -5.571e+10	  -3.449e+11	   3.651e+11	  0.783014	  0.748645	  0.951053	 -0.258917	  0.168703	  0.046275	  0.659078	  0.750649	  0.305544	  0.706100	 -0.638800	4.692778e+16	-1.190955e+17	0.000000e+00	0.000000e+00	0.000000e+00
 70.3850	      1237	1.005207e+12	     4825.23	     2741.51	  303.27	744.346940	  362.64	   -1.47e+11	  -7.252e+11	   6.372e+11	  0.744689	  0.719897	  0.953908	 -0.196529	  0.226796	  0.156784	  0.970761	  0.181773	 -0.255888	 -0.137837	  0.956829	6.609560e+16	-1.607028e+17	0.000000e+00	0.000000e+00	0.000000e+00
 89.1551	      1681	1.366009e+12	     3226.40	     1677.67	  314.12	713.481093	  367.76	  -2.667e+11	   -1.05e+12	   1.561e+12	  0.733305	  0.707695	  0.954420	 -0.144292	  0.261270	 -0.088314	  0.699648	  0.709009	  0.285102	  0.699766	 -0.655015	9.237659e+16	-2.085527e+17	0.000000e+00	0.000000e+00	0.000000e+00
112.9307	      2235	1.816198e+12	     2110.72	     1030.00	  321.82	679.298564	  369.97	  -6.256e+11	  -8.587e+11	   3.106e+12	  0.680545	  0.644242	  0.941052	 -0.205564	  0.268635	  0.028488	  0.839505	  0.542604	 -0.337060	 -0.502966	  0.795874	1.242978e+17	-2.630065e+17	0.000000e+00	0.000000e+00	0.000000e+00
143.0467	      2958	2.403720e+12	     1374.53	      661.40	  328.96	641.511926	  373.06	  -9.463e+11	   3.577e+10	   6.335e+12	  0.658084	  0.612574	  0.917952	 -0.206027	  0.338994	 -0.034852	  0.809362	  0.586275	 -0.395157	 -0.549987	  0.735775	1.672685e+17	-3.269079e+17	0.000000e+00	0.000000e+00	0.000000e+00
181.1939	      3811	3.096882e+12	      871.36	      383.96	  331.77	599.760562	  373.14	   -1.74e+12	   4.989e+11	   1.161e+13	  0.675560	  0.605534	  0.907442	 -0.191706	  0.373895	 -0.122634	  0.730270	  0.672062	  0.401882	  0.655709	 -0.639168	2.155932e+17	-3.937007e+17	0.000000e+00	0.000000e+00	0.000000e+00
229.5141	      4691	3.811985e+12	      527.75	      194.90	  327.05	555.315852	  371.71	  -2.347e+12	   1.694e+12	   1.911e+13	  0.722532	  0.641411	  0.917124	 -0.179067	  0.356116	 -0.117290	  0.732624	  0.670451	  0.380955	  0.656656	 -0.650904	2.633525e+17	-4.532799e+17	0.000000e+00	0.000000e+00	0.000000e+00
290.7201	      5868	4.768435e+12	      324.83	      128.27	  325.01	508.230189	  364.67	  -3.029e+12	   6.226e+12	   2.872e+13	  0.751381	  0.674150	  0.911477	 -0.232933	  0.339045	 -0.043335	  0.765263	  0.642257	 -0.409061	 -0.600095	  0.687426	3.170655e+17	-5.206064e+17	0.000000e+00	0.000000e+00	0.000000e+00
368.2619	      7342	5.966232e+12	      199.96	       79.02	  323.01	456.811363	  359.02	  -2.874e+12	    1.05e+13	   3.744e+13	  0.785483	  0.669267	  0.878855	 -0.378212	  0.290807	  0.190459	  0.837003	  0.512983	 -0.437423	 -0.395452	  0.807638	3.845160e+17	-5.902719e+17	0.000000e+00	0.000000e+00	0.000000e+00
 -4.0928	         5	4.063084e+09	    99196.12	    99196.12	   79.96	687.017081	  122.23	   2.567e+08	   -4.04e+08	  -2.468e+08	  0.000000	  0.000000	  0.000000	  0.000000	  0.000000	  0.000000	  0.000000	  0.000000	  0.000000	  0.000000	  0.000000	3.035246e+13	-4.835013e+14	0.000000e+00	0.000000e+00	0.000000e+00
 -5.2459	        11	8.938784e+09	   103638.71	   107656.62	  104.75	684.332824	  179.87	   1.053e+09	  -1.924e+09	  -3.848e+08	  0.884815	  0.489257	 -0.402781	 -0.283179	  0.870389	  0.867234	  0.186025	  0.461844	 -0.292699	  0.940853	  0.170656	1.445932e+14	-1.056710e+15	0.000000e+00	0.000000e+00	0.000000e+00
 -6.7239	        21	1.706495e+10	    93962.20	    85210.69	  127.85	680.081900	  219.57	    1.25e+09	  -2.005e+09	    1.82e+09	  0.908432	  0.640698	  0.785747	  0.147297	 -0.600754	  0.528500	  0.344761	  0.775775	 -0.321386	  0.927062	 -0.193048	4.113595e+14	-2.000523e+15	0.000000e+00	0.000000e+00	0.000000e+00
 -8.6182	        34	2.762897e+10	    72246.60	    52606.82	  143.69	673.318214	  228.07	  -1.248e+09	   1.453e+09	   3.724e+09	  0.897735	  0.661082	 -0.373737	 -0.095537	  0.922601	  0.702705	  0.620077	  0.348870	 -0.605413	  0.778703	 -0.164612	7.185763e+14	-3.209353e+15	0.000000e+00	0.000000e+00	0.000000e+00
-11.0463	        53	4.306869e+10	    53483.40	    36513.79	  158.46	664.765326	  237.60	   4.926e+09	  -2.795e+09	   2.518e+09	  0.844083	  0.617744	 -0.518879	 -0.458055	  0.721769	  0.395035	  0.620284	  0.677639	  0.758098	 -0.636737	  0.140904	1.215667e+15	-4.934103e+15	0.000000e+00	0.000000e+00	0.000000e+00
-14.1584	        92	7.476074e+10	    44089.54	    35593.65	  184.40	654.039179	  246.24	  -9.163e+08	  -4.509e+08	   3.683e+09	  0.902195	  0.711808	 -0.476042	 -0.474630	  0.740345	  0.608144	  0.430444	  0.666992	 -0.635251	  0.767753	  0.083734	2.266496e+15	-8.377115e+15	0.000000e+00	0.000000e+00	0.000000e+00
-18.1473	       134	1.088906e+11	    30497.00	    18203.79	  196.58	640.364872	  251.09	   6.874e+09	   8.977e+09	   8.469e+09	  0.916487	  0.785465	  0.625995	  0.592581	 -0.506931	  0.651027	 -0.039263	  0.758038	 -0.429295	  0.804554	  0.410365	3.432551e+15	-1.194544e+16	0.000000e+00	0.000000e+00	0.000000e+00
-23.2601	       181	1.470836e+11	    19563.00	     9674.20	  201.80	624.382725	  260.86	  -2.838e+09	   5.108e+09	   4.633e+09	  0.912484	  0.839038	 -0.074325	 -0.088565	  0.993294	  0.748174	  0.653591	  0.114259	 -0.659327	  0.751648	  0.017684	5.004336e+15	-1.576959e+16	0.000000e+00	0.000000e+00	0.000000e+00
 29.8133	       253	2.055920e+11	    12986.20	     7038.08	  210.74	606.807341	  257.38	  -1.504e+10	   4.382e+09	   7.069e+09	  0.918742	  0.842624	 -0.098606	 -0.192412	  0.976348	  0.523357	  0.824457	  0.215335	  0.846389	 -0.532211	 -0.019404	6.809678e+15	-2.131831e+16	0.000000e+00	0.000000e+00	0.000000e+00
 38.2127	       333	2.706014e+11	     8117.28	     3713.78	  213.55	588.500547	  275.16	  -4.429e+10	  -6.919e+10	   4.777e+10	  0.895838	  0.829278	 -0.432803	 -0.449703	  0.781312	  0.447711	  0.645029	  0.619268	  0.782455	 -0.617823	  0.077834	1.024381e+16	-2.710436e+16	0.000000e+00	0.000000e+00	0.000000e+00
 48.9786	       460	3.738037e+11	     5325.11	     2799.85	  221.70	568.384204	  295.57	  -1.555e+11	  -2.104e+11	   9.352e+10	  0.810507	  0.757018	 -0.210671	 -0.363199	  0.907582	  0.488949	  0.764791	  0.419553	  0.846491	 -0.532149	 -0.016466	1.632846e+16	-3.572220e+16	0.000000e+00	0.000000e+00	0.000000e+00
 62.7776	       633	5.143864e+11	     3480.00	     1811.26	  229.71	545.770987	  305.52	  -2.379e+11	  -4.876e+11	   1.816e+11	  0.783632	  0.717139	 -0.293800	 -0.214808	  0.931418	  0.749900	  0.552440	  0.363950	 -0.592732	  0.805399	 -0.001222	2.400699e+16	-4.661145e+16	0.000000e+00	0.000000e+00	0.000000e+00
 80.4643	       862	7.004756e+11	     2250.54	     1138.61	  236.78	520.731563	  309.63	   -5.09e+11	  -6.847e+11	   3.312e+11	  0.798272	  0.745412	 -0.301134	 -0.196644	  0.933086	  0.806590	  0.469424	  0.359239	 -0.508655	  0.860797	  0.017252	3.357674e+16	-5.980435e+16	0.000000e+00	0.000000e+00	0.000000e+00
103.1340	      1183	9.613256e+11	     1466.79	      757.97	  245.01	492.221620	  302.71	  -8.009e+11	  -8.093e+11	   5.113e+11	  0.866293	  0.737406	 -0.174102	 -0.181406	  0.967874	  0.894050	  0.382860	  0.232581	 -0.412751	  0.905820	  0.095529	4.404590e+16	-7.651804e+16	0.000000e+00	0.000000e+00	0.000000e+00
132.1905	      1562	1.269307e+12	      919.75	      425.00	  248.67	460.377987	  297.69	  -1.005e+12	  -4.824e+11	    4.08e+11	  0.826928	  0.692217	 -0.014055	 -0.181261	  0.983334	  0.928775	  0.361910	  0.079988	 -0.370377	  0.914421	  0.163264	5.624245e+16	-9.398698e+16	0.000000e+00	0.000000e+00	0.000000e+00
169.4332	      2044	1.660989e+12	      571.58	      256.69	  251.26	425.529399	  291.30	  -1.332e+12	   1.438e+11	   6.403e+11	  0.865531	  0.669211	  0.118471	 -0.114921	  0.986285	  0.899440	  0.433238	 -0.057559	 -0.420681	  0.893923	  0.154690	7.047033e+16	-1.131455e+17	0.000000e+00	0.000000e+00	0.000000e+00
217.1686	      2605	2.116867e+12	      345.94	      141.88	  250.55	386.930156	  283.42	  -1.187e+12	   6.859e+11	    8.65e+11	  0.842733	  0.681411	  0.359261	  0.071509	  0.930493	  0.763085	  0.551478	 -0.337006	 -0.537246	  0.831119	  0.143557	8.502287e+16	-1.319998e+17	0.000000e+00	0.000000e+00	0.000000e+00
278.3663	      3171	2.576808e+12	      199.96	       67.96	  244.16	345.303099	  275.80	   -1.07e+12	   2.033e+12	   8.967e+11	  0.808261	  0.653949	  0.445424	  0.186209	  0.875742	  0.664755	  0.586439	 -0.462806	 -0.599748	  0.788299	  0.137430	9.800580e+16	-1.474684e+17	0.000000e+00	0.000000e+00	0.000000e+00
 -5.4498	         6	4.875701e+09	    50420.43	    50420.43	   75.91	668.624309	  176.15	  -2.551e+08	   6.404e+08	  -7.232e+08	  0.000000	  0.000000	  0.000000	  0.000000	  0.000000	  0.000000	  0.000000	  0.000000	  0.000000	  0.000000	  0.000000	7.564703e+13	-5.478991e+14	0.000000e+00	0.000000e+00	0.000000e+00
 -6.6897	        10	8.126168e+09	    45432.95	    39562.76	   88.45	665.722150	  175.02	  -5.174e+08	   2.883e+08	  -4.511e+08	  0.000000	  0.000000	  0.000000	  0.000000	  0.000000	  0.000000	  0.000000	  0.000000	  0.000000	  0.000000	  0.000000	1.244569e+14	-9.096923e+14	0.000000e+00	0.000000e+00	0.000000e+00
 -8.2117	        19	1.543972e+10	    46670.26	    48126.56	  110.04	663.859228	  179.44	  -1.934e+09	  -1.324e+08	   -2.43e+09	  0.732221	  0.465426	 -0.610794	 -0.279347	  0.740875	 -0.402372	  0.915378	  0.013419	  0.681929	  0.289911	  0.671509	2.485718e+14	-1.717680e+15	0.000000e+00	0.000000e+00	0.000000e+00
-10.0800	        31	2.519112e+10	    41168.40	    34692.79	  126.86	659.915092	  201.31	  -1.953e+08	   2.294e+09	  -2.063e+09	  0.750251	  0.739430	  0.752494	  0.199771	 -0.627570	 -0.225505	  0.973442	  0.039477	  0.618789	  0.111815	  0.777558	5.104549e+14	-2.785002e+15	0.000000e+00	0.000000e+00	0.000000e+00
-12.3734	        53	4.306869e+10	    38053.44	    34387.17	  149.72	653.898592	  211.99	  -4.399e+09	   3.487e+09	  -4.389e+09	  0.773838	  0.711898	 -0.545143	 -0.023430	  0.838016	  0.237017	  0.954520	  0.180870	  0.804141	 -0.297224	  0.514797	9.677117e+14	-4.714471e+15	0.000000e+00	0.000000e+00	0.000000e+00
-15.1886	        70	5.688317e+10	    27172.64	    14366.08	  155.30	646.426848	  201.96	  -4.366e+09	   4.949e+09	  -2.151e+09	  0.871311	  0.758161	  0.703837	 -0.236551	 -0.669818	  0.460308	  0.870053	  0.176421	  0.541044	 -0.432495	  0.721262	1.160123e+15	-6.173242e+15	0.000000e+00	0.000000e+00	0.000000e+00
 18.6443	       109	8.857523e+10	    22875.78	    17818.44	  174.91	637.566946	  234.73	  -3.065e+09	   1.832e+10	   9.358e+09	  0.835256	  0.816430	  0.925078	 -0.013906	 -0.379524	  0.093960	  0.976642	  0.193240	  0.367972	 -0.214421	  0.904776	2.440179e+15	-9.442694e+15	0.000000e+00	0.000000e+00	0.000000e+00
 22.8863	       162	1.316439e+11	    18381.47	    13091.72	  192.47	626.364824	  247.20	   1.339e+10	   2.179e+10	  -2.273e+09	  0.842556	  0.782956	  0.977982	  0.179871	 -0.105815	 -0.208218	  0.875023	 -0.437013	  0.013985	  0.449423	  0.893210	4.022281e+15	-1.374967e+16	0.000000e+00	0.000000e+00	0.000000e+00
 28.0933	       231	1.877145e+11	    14170.75	     9214.79	  207.44	613.020469	  288.17	   1.915e+10	   7.981e+10	   -1.98e+09	  0.878730	  0.814523	  0.946193	  0.179914	 -0.268980	  0.313312	 -0.301367	  0.900563	 -0.080962	  0.936381	  0.341520	7.794328e+15	-1.913402e+16	0.000000e+00	0.000000e+00	0.000000e+00
 34.4851	       315	2.559743e+11	    10447.37	     6065.01	  218.64	597.952364	  313.46	   2.558e+10	   4.996e+10	  -1.839e+10	  0.997473	  0.801006	  0.000313	 -0.372189	  0.928157	  0.996443	  0.078326	  0.031072	 -0.084264	  0.924846	  0.370890	1.257535e+16	-2.536588e+16	0.000000e+00	0.000000e+00	0.000000e+00
 42.3311	       401	3.258593e+11	     7190.46	     3357.12	  222.65	580.948491	  329.92	   2.521e+09	   1.021e+11	  -4.546e+10	  0.977974	  0.801516	  0.468098	  0.281268	 -0.837718	  0.879955	 -0.061457	  0.471065	 -0.081012	  0.957659	  0.276271	1.773488e+16	-3.143370e+16	0.000000e+00	0.000000e+00	0.000000e+00
 51.9622	       538	4.371878e+11	     5215.67	     2891.37	  232.77	562.535823	  354.87	   3.664e+10	   7.422e+10	  -1.346e+10	  0.974021	  0.829492	  0.801071	  0.324265	 -0.503128	  0.567016	 -0.141781	  0.811413	 -0.191779	  0.935281	  0.297440	2.752805e+16	-4.050973e+16	0.000000e+00	0.000000e+00	0.000000e+00
 63.7845	       739	6.005238e+11	     3873.36	     2293.48	  246.23	541.037084	  373.22	   1.936e+11	   1.655e+11	  -1.246e+11	  0.945460	  0.824564	  0.926947	  0.372726	  0.042960	  0.061285	 -0.263376	  0.962745	 -0.370154	  0.889780	  0.266977	4.182530e+16	-5.293767e+16	0.000000e+00	0.000000e+00	0.000000e+00
 78.2967	      1011	8.215555e+11	     2864.91	     1677.97	  259.95	516.565270	  382.30	   6.387e+11	  -2.969e+10	  -3.654e+11	  0.886659	  0.776903	  0.885426	  0.458106	 -0.078484	  0.234204	 -0.293905	  0.926697	 -0.401459	  0.838903	  0.367522	6.003654e+16	-6.835606e+16	0.000000e+00	0.000000e+00	0.000000e+00
 96.1106	      1379	1.120599e+12	     2112.71	     1227.38	  274.02	487.485711	  393.29	   8.988e+11	  -3.539e+11	  -9.534e+11	  0.846078	  0.776994	  0.886691	  0.461091	  0.034271	  0.158074	 -0.371966	  0.914688	 -0.434502	  0.805628	  0.402705	8.666490e+16	-8.715376e+16	0.000000e+00	0.000000e+00	0.000000e+00
117.9776	      1823	1.481400e+12	     1510.00	      800.63	  284.37	453.414185	  398.43	    1.68e+12	  -5.972e+11	  -1.514e+12	  0.839261	  0.782771	  0.902135	  0.431145	 -0.016339	  0.221646	 -0.430620	  0.874894	 -0.370170	  0.792894	  0.484039	1.175837e+17	-1.071198e+17	0.000000e+00	0.000000e+00	0.000000e+00
144.8333	      2374	1.929152e+12	     1062.83	      536.84	  292.88	414.315537	  400.78	   2.699e+12	  -1.028e+12	  -1.585e+12	  0.835150	  0.774356	  0.916695	  0.390125	  0.086441	  0.074169	 -0.378690	  0.922547	 -0.392643	  0.839283	  0.376079	1.549355e+17	-1.281649e+17	0.000000e+00	0.000000e+00	0.000000e+00
 -6.7936	        10	8.126168e+09	    43379.05	    43379.05	   87.77	545.604729	  180.61	  -5.986e+08	    -3.6e+08	  -9.588e+08	  0.000000	  0.000000	  0.000000	  0.000000	  0.000000	  0.000000	  0.000000	  0.000000	  0.000000	  0.000000	  0.000000	1.325376e+14	-6.104866e+14	0.000000e+00	0.000000e+00	0.000000e+00
 -8.4995	        14	1.137663e+10	    31012.32	    18107.13	   92.84	542.905513	  163.34	  -1.384e+09	   1.321e+08	  -9.979e+08	  0.636816	  0.414947	  0.722770	  0.686237	  0.081743	 -0.688443	  0.704612	  0.171954	  0.060404	 -0.180558	  0.981708	1.517550e+14	-8.512913e+14	0.000000e+00	0.000000e+00	0.000000e+00
-10.6337	        28	2.275327e+10	    31673.09	    32362.62	  117.39	537.778762	  196.17	  -2.946e+09	   2.199e+09	   2.689e+09	  0.871726	  0.701879	  0.841681	  0.478404	 -0.250406	  0.391326	 -0.220883	  0.893350	 -0.372072	  0.849906	  0.373125	4.378226e+14	-1.682666e+15	0.000000e+00	0.000000e+00	0.000000e+00
-13.3038	        43	3.494252e+10	    24838.59	    17706.52	  130.06	532.485328	  201.38	  -5.138e+09	   3.272e+09	   1.783e+09	  0.961765	  0.848437	  0.251482	  0.738558	 -0.625531	 -0.474387	  0.657404	  0.585472	  0.843631	  0.149508	  0.515687	7.085560e+14	-2.556129e+15	0.000000e+00	0.000000e+00	0.000000e+00
-16.6444	        60	4.875701e+10	    17698.48	    10247.48	  137.35	524.953219	  203.73	  -6.117e+09	   6.742e+09	   3.564e+09	  0.853604	  0.631879	 -0.203344	 -0.515680	  0.832301	 -0.462876	  0.799700	  0.382393	  0.862784	  0.307495	  0.401310	1.011808e+15	-3.520944e+15	0.000000e+00	0.000000e+00	0.000000e+00
-20.8238	        83	6.744719e+10	    12502.27	     7079.82	  144.43	516.158833	  202.70	  -9.117e+09	   1.029e+10	     9.2e+09	  0.842796	  0.665109	 -0.152664	 -0.621463	  0.768425	 -0.343470	  0.762435	  0.548381	  0.926673	  0.180213	  0.329850	1.385641e+15	-4.787333e+15	0.000000e+00	0.000000e+00	0.000000e+00
-26.0526	       124	1.007645e+11	     9538.03	     6444.72	  157.82	506.608129	  218.94	  -2.034e+10	   1.268e+10	   1.253e+10	  0.922209	  0.749189	  0.111945	  0.748272	 -0.653879	 -0.270145	  0.656149	  0.704620	  0.956290	  0.097764	  0.275595	2.415079e+15	-6.961449e+15	0.000000e+00	0.000000e+00	0.000000e+00
 32.5943	       172	1.397701e+11	     6756.03	     3852.90	  166.18	494.561092	  222.98	  -3.998e+10	   2.728e+10	   1.817e+10	  0.966997	  0.824535	 -0.108830	 -0.630952	  0.768151	 -0.029629	  0.774456	  0.631934	  0.993619	 -0.046014	  0.102979	3.474659e+15	-9.410255e+15	0.000000e+00	0.000000e+00	0.000000e+00
 40.7787	       230	1.869019e+11	     4613.36	     2377.39	  171.80	481.181627	  231.60	  -4.404e+10	   4.795e+10	   4.005e+10	  0.918334	  0.774281	 -0.125467	 -0.065740	  0.989917	 -0.144044	  0.988436	  0.047385	  0.981585	  0.136647	  0.133486	5.012363e+15	-1.222105e+16	0.000000e+00	0.000000e+00	0.000000e+00
 51.0181	       308	2.502860e+11	     3154.76	     1632.65	  177.75	466.375266	  236.09	  -9.768e+10	   1.075e+11	   7.014e+10	  0.942742	  0.788422	 -0.077384	  0.040533	  0.996177	 -0.071857	  0.996348	 -0.046122	  0.994409	  0.075152	  0.074188	6.975311e+15	-1.579446e+16	0.000000e+00	0.000000e+00	0.000000e+00
 63.8287	       426	3.461747e+11	     2228.18	     1261.27	  186.89	450.437260	  238.79	  -1.361e+11	   2.143e+11	    1.54e+11	  0.846892	  0.752088	 -0.148550	 -0.230826	  0.961588	 -0.116422	  0.969697	  0.214787	  0.982028	  0.080043	  0.170921	9.869150e+15	-2.081794e+16	0.000000e+00	0.000000e+00	0.000000e+00
 79.8559	       546	4.436888e+11	     1458.35	      654.99	  189.16	432.444594	  238.83	  -1.781e+11	   2.217e+11	   1.655e+11	  0.822478	  0.725641	 -0.196780	 -0.246101	  0.949058	 -0.368620	  0.915536	  0.160978	  0.908514	  0.318164	  0.270877	1.265366e+16	-2.556972e+16	0.000000e+00	0.000000e+00	0.000000e+00
 99.9076	       725	5.891472e+11	      988.85	      498.92	  194.87	412.832427	  242.75	  -1.447e+11	   7.554e+10	   2.412e+11	  0.837994	  0.681057	 -0.144372	 -0.312410	  0.938913	 -0.438142	  0.870953	  0.222426	  0.887237	  0.379265	  0.262621	1.735829e+16	-3.206334e+16	0.000000e+00	0.000000e+00	0.000000e+00
124.9942	       989	8.036780e+11	      688.84	      375.76	  203.49	390.739638	  250.97	   1.891e+11	    3.82e+11	   3.459e+11	  0.755486	  0.637340	 -0.033684	 -0.163972	  0.985890	 -0.442976	  0.886712	  0.132342	  0.895900	  0.432268	  0.102504	2.531102e+16	-4.069319e+16	0.000000e+00	0.000000e+00	0.000000e+00
156.3800	      1319	1.071842e+12	      469.13	      239.85	  210.10	365.652859	  253.34	   1.432e+11	   9.757e+11	   1.212e+12	  0.842885	  0.639941	  0.185655	 -0.393470	  0.900396	 -0.470106	  0.769086	  0.433020	  0.862863	  0.503674	  0.042188	3.439597e+16	-5.025612e+16	0.000000e+00	0.000000e+00	0.000000e+00
195.6466	      1778	1.444833e+12	      322.93	      170.36	  218.08	336.397741	  254.93	  -1.249e+12	   4.289e+11	   3.541e+12	  0.807286	  0.589123	 -0.417828	  0.866405	 -0.273425	 -0.133495	  0.239141	  0.961764	  0.898665	  0.438353	  0.015741	4.694910e+16	-6.168399e+16	0.000000e+00	0.000000e+00	0.000000e+00
244.7866	      2156	1.752002e+12	      199.93	       71.62	  214.69	303.628597	  250.96	  -2.556e+12	   3.356e+10	    5.53e+12	  0.725793	  0.582729	 -0.392117	  0.903933	 -0.170733	 -0.019261	  0.177488	  0.983935	  0.919713	  0.389106	 -0.052185	5.517061e+16	-6.963752e+16	0.000000e+00	0.000000e+00	0.000000e+00
 -9.7121	         6	4.875701e+09	     8908.45	     8908.45	   56.86	517.628604	  130.05	  -4.116e+08	   3.207e+08	   3.357e+08	  0.000000	  0.000000	  0.000000	  0.000000	  0.000000	  0.000000	  0.000000	  0.000000	  0.000000	  0.000000	  0.000000	4.123351e+13	-3.279978e+14	0.000000e+00	0.000000e+00	0.000000e+00
-12.0174	         9	7.313551e+09	     7053.37	     4979.52	   62.60	516.232572	  162.99	  -1.414e+09	   2.836e+08	   2.256e+09	  0.000000	  0.000000	  0.000000	  0.000000	  0.000000	  0.000000	  0.000000	  0.000000	  0.000000	  0.000000	  0.000000	9.714200e+13	-4.907581e+14	0.000000e+00	0.000000e+00	0.000000e+00
-14.8700	        18	1.462710e+10	     7446.12	     7885.18	   79.59	514.035961	  177.64	  -9.948e+08	   5.715e+08	   5.298e+09	  0.806984	  0.673874	 -0.018181	  0.999809	 -0.007151	  0.964267	  0.015644	 -0.264471	  0.264308	  0.011704	  0.964367	2.307987e+14	-9.761754e+14	0.000000e+00	0.000000e+00	0.000000e+00
-18.3997	        39	3.169205e+10	     8515.80	     9711.62	  105.32	510.170001	  211.63	  -7.395e+09	  -4.842e+08	   1.391e+10	  0.796127	  0.719630	 -0.276717	  0.957102	  0.085925	  0.952063	  0.285193	 -0.110642	  0.130400	 -0.051189	  0.990139	7.097251e+14	-2.096962e+15	0.000000e+00	0.000000e+00	0.000000e+00
-22.7671	        66	5.363271e+10	     7606.90	     6590.82	  123.17	505.508079	  207.04	  -8.684e+09	  -3.084e+09	   2.152e+10	  0.824313	  0.643225	  0.707273	 -0.683239	 -0.181520	  0.694591	  0.719404	 -0.001432	  0.131564	 -0.125069	  0.983386	1.149518e+15	-3.510882e+15	0.000000e+00	0.000000e+00	0.000000e+00
-28.1713	       128	1.040149e+11	     7787.12	     7988.60	  154.20	496.930556	  212.55	   1.421e+09	  -5.135e+09	    3.78e+10	  0.814842	  0.649195	 -0.654215	  0.713119	  0.251919	  0.673957	  0.700839	 -0.233680	  0.343197	 -0.016906	  0.939111	2.349521e+15	-6.679508e+15	0.000000e+00	0.000000e+00	0.000000e+00
 34.8583	       184	1.495215e+11	     5908.65	     3808.64	  166.20	486.291592	  208.15	   2.664e+10	   2.445e+09	   3.071e+10	  0.773429	  0.614389	 -0.612768	  0.770520	  0.175543	  0.743135	  0.637391	 -0.203674	  0.268824	 -0.005647	  0.963173	3.239104e+15	-9.426880e+15	0.000000e+00	0.000000e+00	0.000000e+00
 43.1326	       265	2.153434e+11	     4491.79	     2907.84	  179.31	473.248675	  212.69	   8.453e+09	   5.693e+09	   6.804e+10	  0.714284	  0.544983	 -0.535235	  0.841584	  0.072528	  0.809301	  0.535506	 -0.241383	  0.241983	  0.070500	  0.967716	4.870821e+15	-1.320008e+16	0.000000e+00	0.000000e+00	0.000000e+00
 53.3709	       378	3.071691e+11	     3381.96	     2141.25	  192.52	457.465731	  213.59	   3.512e+10	  -9.003e+09	   1.078e+11	  0.673349	  0.578938	 -0.490818	  0.871261	 -0.000991	  0.806379	  0.453836	 -0.379190	  0.329924	  0.186912	  0.925318	7.006554e+15	-1.816826e+16	0.000000e+00	0.000000e+00	0.000000e+00
 66.0394	       479	3.892434e+11	     2262.12	     1010.21	  194.83	439.560739	  215.92	   8.738e+10	   3.489e+10	   2.208e+11	  0.736024	  0.597245	 -0.518383	  0.855082	  0.010661	  0.791408	  0.484430	 -0.372829	  0.323964	  0.184831	  0.927839	9.073795e+15	-2.228479e+16	0.000000e+00	0.000000e+00	0.000000e+00
 81.7151	       615	4.997593e+11	     1533.06	      718.02	  198.46	420.564931	  218.45	   1.083e+11	   6.408e+10	   3.235e+11	  0.742664	  0.643392	 -0.559652	  0.827150	  0.051112	  0.770552	  0.542074	 -0.335269	  0.305024	  0.148250	  0.940735	1.192385e+16	-2.738810e+16	0.000000e+00	0.000000e+00	0.000000e+00
101.1116	       784	6.370915e+11	     1031.58	      470.96	  201.44	399.708609	  220.60	   7.514e+10	   8.008e+10	   4.239e+11	  0.779136	  0.655251	 -0.511296	  0.855528	  0.081533	  0.800658	  0.508671	 -0.316545	  0.312286	  0.096568	  0.945067	1.550168e+16	-3.316655e+16	0.000000e+00	0.000000e+00	0.000000e+00
125.1123	      1005	8.166798e+11	      698.00	      325.08	  205.03	377.320526	  225.97	   1.362e+11	   8.596e+10	   9.163e+11	  0.760481	  0.620608	 -0.553080	  0.829197	  0.080840	  0.822276	  0.558910	 -0.107155	  0.134035	 -0.007207	  0.990950	2.084997e+16	-3.991672e+16	0.000000e+00	0.000000e+00	0.000000e+00
154.8100	      1306	1.061277e+12	      478.78	      233.71	  210.12	352.236663	  225.94	   4.332e+11	   7.374e+10	   1.992e+12	  0.773767	  0.620349	 -0.498887	  0.857117	  0.128304	  0.857159	  0.509846	 -0.073044	  0.128022	 -0.073536	  0.989041	2.708860e+16	-4.803693e+16	0.000000e+00	0.000000e+00	0.000000e+00
191.5569	      1626	1.321315e+12	      314.64	      131.15	  210.76	324.175266	  226.26	   2.947e+11	    -1.8e+11	    3.14e+12	  0.784580	  0.635688	 -0.481409	  0.869269	  0.112323	  0.876411	  0.479181	  0.047846	  0.012232	 -0.121475	  0.992519	3.382195e+16	-5.548758e+16	0.000000e+00	0.000000e+00	0.000000e+00
237.0400	      1958	1.591104e+12	      199.96	       71.79	  207.91	294.041131	  223.98	   7.261e+10	  -7.538e+10	   4.583e+12	  0.784561	  0.625713	 -0.459148	  0.887527	  0.038444	  0.887720	  0.460030	 -0.018058	  0.033712	 -0.025836	  0.999098	3.991017e+16	-6.192904e+16	0.000000e+00	0.000000e+00	0.000000e+00
 -7.2203	         8	6.500934e+09	    28907.70	    28907.70	   76.15	565.375348	  119.92	  -1.995e+07	  -5.646e+08	   4.655e+08	  0.000000	  0.000000	  0.000000	  0.000000	  0.000000	  0.000000	  0.000000	  0.000000	  0.000000	  0.000000	  0.000000	4.674112e+13	-5.234172e+14	0.000000e+00	0.000000e+00	0.000000e+00
 -9.1070	        18	1.462710e+10	    32414.26	    35897.85	  101.70	562.402665	  171.91	   7.369e+08	   1.977e+08	   -1.86e+09	  0.882141	  0.799750	 -0.240430	  0.249646	  0.938014	 -0.220616	  0.927015	 -0.303267	  0.945263	  0.279856	  0.167806	2.161279e+14	-1.168922e+15	0.000000e+00	0.000000e+00	0.000000e+00
-11.4867	        30	2.437850e+10	    26923.09	    21467.91	  116.91	557.279045	  185.38	  -1.963e+09	   -1.42e+09	  -1.418e+09	  0.907274	  0.695040	 -0.673513	  0.738839	 -0.022302	 -0.146594	 -0.103940	  0.983721	  0.724493	  0.665818	  0.178314	4.188823e+14	-1.933582e+15	0.000000e+00	0.000000e+00	0.000000e+00
-14.4882	        50	4.063084e+10	    22362.16	    17831.12	  134.39	550.705215	  203.51	  -6.358e+08	  -2.399e+09	   1.204e+09	  0.902569	  0.815251	  0.640919	  0.267810	 -0.719375	  0.747422	 -0.431241	  0.505363	  0.174883	  0.861573	  0.476558	8.413873e+14	-3.179249e+15	0.000000e+00	0.000000e+00	0.000000e+00
-18.2741	        83	6.744719e+10	    18499.58	    14662.32	  154.17	541.272789	  222.24	  -6.707e+09	  -6.156e+09	  -3.405e+09	  0.865299	  0.843850	 -0.040567	  0.539583	  0.840955	  0.954202	  0.270591	 -0.127590	 -0.296400	  0.797265	 -0.525848	1.665578e+15	-5.180908e+15	0.000000e+00	0.000000e+00	0.000000e+00
-23.0492	       138	1.121411e+11	    15328.62	    12178.43	  177.01	530.065646	  237.82	  -2.122e+10	  -4.239e+09	  -5.559e+09	  0.831355	  0.768933	  0.152463	  0.635716	  0.756717	  0.887931	  0.248101	 -0.387329	  0.433974	 -0.730966	  0.526646	3.171342e+15	-8.380077e+15	0.000000e+00	0.000000e+00	0.000000e+00
 29.0720	       195	1.584603e+11	    10794.40	     6289.90	  187.35	514.214424	  235.36	  -1.743e+10	  -1.849e+10	   3.076e+09	  0.823687	  0.761138	  0.437669	  0.735588	  0.517065	 -0.885976	  0.254790	  0.387463	  0.153270	 -0.627688	  0.763228	4.388775e+15	-1.155631e+16	0.000000e+00	0.000000e+00	0.000000e+00
 36.6687	       262	2.129056e+11	     7227.79	     3684.54	  193.37	498.465885	  236.51	  -2.678e+10	  -1.705e+10	  -2.657e+10	  0.782284	  0.739644	  0.505748	  0.687404	  0.521243	 -0.752281	  0.055682	  0.656485	  0.422246	 -0.724137	  0.545283	5.954509e+15	-1.503030e+16	0.000000e+00	0.000000e+00	0.000000e+00
 46.2504	       373	3.031061e+11	     5128.06	     3042.09	  205.44	479.791026	  235.35	  -4.128e+10	  -2.549e+10	  -5.118e+10	  0.782421	  0.757402	  0.532125	  0.754531	  0.384091	  0.787709	 -0.607520	  0.102144	 -0.310413	 -0.248199	  0.917628	8.394734e+15	-2.040971e+16	0.000000e+00	0.000000e+00	0.000000e+00
 58.3358	       506	4.111841e+11	     3466.85	     1816.52	  213.06	458.216224	  233.52	  -7.606e+10	  -3.405e+10	  -1.049e+11	  0.751582	  0.739434	  0.562038	  0.765678	  0.312810	  0.182320	 -0.483581	  0.856101	  0.806767	 -0.424129	 -0.411390	1.121122e+16	-2.634223e+16	0.000000e+00	0.000000e+00	0.000000e+00
 73.5792	       644	5.233252e+11	     2198.92	      939.31	  214.02	434.210423	  234.53	  -2.633e+11	   8.503e+09	  -1.645e+11	  0.794052	  0.734061	  0.533902	  0.760100	  0.370401	  0.270992	 -0.568774	  0.776569	  0.800945	 -0.314236	 -0.509650	1.439209e+16	-3.193044e+16	0.000000e+00	0.000000e+00	0.000000e+00
 92.8058	       809	6.574070e+11	     1376.62	      559.70	  213.59	409.273453	  233.33	  -4.089e+11	   3.691e+10	  -1.703e+11	  0.797880	  0.732565	  0.560230	  0.665478	  0.493236	 -0.051011	 -0.566606	  0.822409	  0.826765	 -0.485899	 -0.283483	1.789484e+16	-3.787206e+16	0.000000e+00	0.000000e+00	0.000000e+00
117.0564	      1008	8.191177e+11	      854.80	      336.40	  212.28	382.769570	  233.40	  -5.661e+11	   -4.65e+10	  -3.945e+11	  0.822556	  0.745268	  0.609510	  0.671889	  0.420788	 -0.130728	 -0.438330	  0.889257	  0.781925	 -0.597020	 -0.179332	2.231059e+16	-4.418975e+16	0.000000e+00	0.000000e+00	0.000000e+00
147.6437	      1278	1.038524e+12	      540.10	      227.46	  212.84	354.274295	  230.34	  -7.658e+11	   3.184e+11	  -9.859e+11	  0.807163	  0.702386	  0.599888	  0.652137	  0.463521	 -0.169207	 -0.462828	  0.870149	  0.781987	 -0.600423	 -0.167299	2.755065e+16	-5.164009e+16	0.000000e+00	0.000000e+00	0.000000e+00
186.2237	      1569	1.274996e+12	      330.45	      122.18	  209.98	323.687282	  227.62	  -1.091e+12	   5.877e+11	  -1.905e+12	  0.848463	  0.744070	  0.555131	  0.655439	  0.512084	 -0.135753	 -0.536009	  0.833226	  0.820610	 -0.532067	 -0.208577	3.302952e+16	-5.841675e+16	0.000000e+00	0.000000e+00	0.000000e+00
