#r(1)	npart(2)	M_in_r(3)	ovdens(4)	dens(5)	vcirc(6)	vesc(7)	sigv(8)	Lx(9)	Ly(10)	Lz(11)	b(12)	c(13)	Eax(14)	Eay(15)	Eaz(16)	Ebx(17)	Eby(18)	Ebz(19)	Ecx(20)	Ecy(21)	Ecz(22)	Ekin(23)	Epot(24)	M_gas(25)	M_star(26)	U_gas(27)	
 -8.8719	         5	4.063084e+09	    15705.80	    15705.80	   88.58	640.339585	  206.30	    3.28e+08	  -4.447e+08	  -2.873e+08	  0.000000	  0.000000	  0.000000	  0.000000	  0.000000	  0.000000	  0.000000	  0.000000	  0.000000	  0.000000	  0.000000	8.646168e+13	-4.204168e+14	0.000000e+00	0.000000e+00	0.000000e+00
-11.1747	        12	9.751401e+09	    18862.63	    22024.71	  122.27	636.875383	  269.29	   1.899e+08	  -1.725e+09	   -3.46e+08	  0.837778	  0.620061	  0.984315	 -0.062238	  0.165079	  0.046623	  0.994207	  0.096839	 -0.170150	 -0.087624	  0.981515	3.535806e+14	-1.000039e+15	0.000000e+00	0.000000e+00	0.000000e+00
-14.0754	        21	1.706495e+10	    16518.52	    14170.51	  144.12	630.219669	  292.90	   8.841e+08	  -2.527e+09	  -6.965e+07	  0.913920	  0.858051	 -0.201813	  0.928569	 -0.311499	  0.263148	  0.357755	  0.895971	  0.943411	  0.098849	 -0.316551	7.319966e+14	-1.733549e+15	0.000000e+00	0.000000e+00	0.000000e+00
-17.7290	        33	2.681635e+10	    12989.63	     9454.86	  160.98	622.532407	  290.64	   1.912e+09	  -5.424e+09	  -8.761e+08	  0.743827	  0.663526	 -0.388983	 -0.367691	  0.844687	  0.914972	 -0.261013	  0.307731	  0.107324	  0.892567	  0.437956	1.132585e+15	-2.688464e+15	0.000000e+00	0.000000e+00	0.000000e+00
-22.3309	        54	4.388131e+10	    10636.71	     8279.88	  183.48	611.540189	  291.49	   7.748e+09	  -7.236e+09	   1.218e+09	  0.751251	  0.680982	 -0.320027	 -0.443114	  0.837396	  0.061352	  0.872333	  0.485048	  0.945420	 -0.206604	  0.251984	1.864167e+15	-4.310997e+15	0.000000e+00	0.000000e+00	0.000000e+00
-28.1274	        81	6.582196e+10	     7984.17	     5327.21	  200.23	597.403253	  287.63	   9.841e+09	  -9.922e+09	     2.6e+09	  0.705720	  0.643585	 -0.262676	 -0.214248	  0.940797	  0.879218	  0.348498	  0.324846	 -0.397464	  0.912495	  0.096829	2.722819e+15	-6.314771e+15	0.000000e+00	0.000000e+00	0.000000e+00
-35.4285	       122	9.913924e+10	     6017.77	     4048.09	  218.95	579.897268	  291.99	   1.643e+10	  -1.145e+10	   6.712e+09	  0.766082	  0.650438	 -0.079440	 -0.323428	  0.942912	  0.213880	  0.918342	  0.333020	  0.973624	 -0.228126	  0.003779	4.226258e+15	-9.200405e+15	0.000000e+00	0.000000e+00	0.000000e+00
 44.6248	       162	1.316439e+11	     3998.72	     1976.32	  224.81	559.112482	  285.04	   2.058e+10	  -2.949e+10	   5.112e+09	  0.783725	  0.710614	  0.077291	 -0.340288	  0.937140	  0.680865	  0.704654	  0.199715	  0.728319	 -0.622630	 -0.286153	5.347898e+15	-1.183315e+16	0.000000e+00	0.000000e+00	0.000000e+00
 56.2081	       206	1.673991e+11	     2544.51	     1087.88	  225.88	539.026041	  289.93	   8.222e+09	   -2.41e+10	    1.32e+10	  0.715499	  0.664067	  0.123497	 -0.256277	  0.958682	  0.509394	  0.845455	  0.160389	  0.851626	 -0.468539	 -0.234957	7.035634e+15	-1.450904e+16	0.000000e+00	0.000000e+00	0.000000e+00
 70.7982	       283	2.299705e+11	     1749.26	      952.69	  235.90	515.566419	  292.98	   2.067e+10	  -3.558e+10	   2.248e+10	  0.747993	  0.703504	  0.135653	 -0.104409	  0.985240	  0.920349	  0.381460	 -0.086293	 -0.366820	  0.918470	  0.147839	9.870197e+15	-1.885154e+16	0.000000e+00	0.000000e+00	0.000000e+00
 89.1754	       357	2.901042e+11	     1104.25	      458.17	  236.08	490.633108	  295.99	  -3.288e+10	  -4.357e+10	   1.373e+10	  0.807358	  0.717482	  0.072406	 -0.162147	  0.984107	  0.987497	  0.150178	 -0.047912	 -0.140022	  0.975272	  0.170994	1.270844e+16	-2.266156e+16	0.000000e+00	0.000000e+00	0.000000e+00
112.3228	       469	3.811173e+11	      725.94	      347.01	  241.10	463.143646	  298.14	  -7.052e+10	  -7.145e+10	   3.505e+10	  0.945506	  0.784044	 -0.111211	 -0.319159	  0.941153	  0.981800	  0.111424	  0.153799	 -0.153954	  0.941128	  0.300959	1.693869e+16	-2.782215e+16	0.000000e+00	0.000000e+00	0.000000e+00
141.4787	       636	5.168243e+11	      492.63	      258.92	  250.17	431.411896	  289.19	  -1.453e+11	  -1.254e+11	   9.581e+10	  0.904641	  0.719735	 -0.136450	 -0.285298	  0.948676	  0.965272	  0.177065	  0.192086	 -0.222779	  0.941941	  0.251230	2.161177e+16	-3.464857e+16	0.000000e+00	0.000000e+00	0.000000e+00
178.2026	       821	6.671584e+11	      318.23	      143.53	  253.26	396.170209	  282.76	  -2.564e+11	  -1.668e+11	   3.621e+10	  0.907262	  0.713117	 -0.096568	 -0.322797	  0.941529	  0.964855	  0.201914	  0.168186	 -0.244397	  0.924680	  0.291954	2.667149e+16	-4.106298e+16	0.000000e+00	0.000000e+00	0.000000e+00
224.4726	      1028	8.353700e+11	      199.36	       80.34	  252.50	357.101263	  276.22	  -1.932e+11	  -2.685e+11	   -9.05e+10	  0.904289	  0.619842	  0.108968	 -0.305855	  0.945822	  0.959605	  0.280652	 -0.019800	 -0.259391	  0.909773	  0.324082	3.186947e+16	-4.703202e+16	0.000000e+00	0.000000e+00	0.000000e+00
 -7.8436	         5	4.063084e+09	    22727.72	    22727.72	   94.21	632.526449	  230.63	   7.478e+08	   4.282e+08	   3.241e+08	  0.000000	  0.000000	  0.000000	  0.000000	  0.000000	  0.000000	  0.000000	  0.000000	  0.000000	  0.000000	  0.000000	1.080610e+14	-4.133624e+14	0.000000e+00	0.000000e+00	0.000000e+00
-10.1174	         6	4.875701e+09	    12708.17	     3966.02	   90.86	631.810909	  237.96	   1.078e+09	   1.434e+08	   2.598e+08	  0.000000	  0.000000	  0.000000	  0.000000	  0.000000	  0.000000	  0.000000	  0.000000	  0.000000	  0.000000	  0.000000	1.380467e+14	-4.944585e+14	0.000000e+00	0.000000e+00	0.000000e+00
-13.0503	        17	1.381448e+10	    16777.47	    20327.96	  134.67	626.086976	  249.28	   2.684e+09	  -4.012e+08	  -7.413e+08	  0.964246	  0.672461	 -0.589699	 -0.369826	  0.717972	 -0.048670	  0.903651	  0.425495	  0.806155	 -0.215970	  0.550881	4.292241e+14	-1.380003e+15	0.000000e+00	0.000000e+00	0.000000e+00
-16.8333	        27	2.194065e+10	    12416.15	     8610.87	  149.43	617.566643	  273.31	   3.492e+09	  -6.283e+08	  -7.694e+08	  0.820806	  0.620091	 -0.535303	  0.296126	  0.791050	  0.672466	  0.716119	  0.186982	 -0.511116	  0.632047	 -0.582475	8.194598e+14	-2.165763e+15	0.000000e+00	0.000000e+00	0.000000e+00
-21.7131	        49	3.981822e+10	    10499.41	     8827.04	  177.25	606.589154	  270.46	   6.998e+09	  -1.282e+09	   8.614e+07	  0.797395	  0.725308	  0.599723	 -0.590641	 -0.539885	  0.798683	  0.400178	  0.449403	 -0.049386	 -0.700714	  0.711731	1.456297e+15	-3.834922e+15	0.000000e+00	0.000000e+00	0.000000e+00
-28.0074	        80	6.500934e+10	     7987.39	     5795.62	  199.41	592.400177	  297.18	   3.649e+09	   1.574e+09	  -1.914e+09	  0.927188	  0.714330	 -0.256689	  0.959365	  0.117168	 -0.094920	 -0.145668	  0.984770	  0.961822	  0.241658	  0.128454	2.870723e+15	-6.096290e+15	0.000000e+00	0.000000e+00	0.000000e+00
 36.1264	       129	1.048276e+11	     6001.37	     4268.55	  222.96	572.986956	  299.12	   1.274e+10	   8.294e+09	  -7.106e+09	  0.915976	  0.823259	 -0.249294	  0.065728	  0.966195	 -0.348896	  0.924601	 -0.152919	  0.903396	  0.375224	  0.207565	4.689740e+15	-9.469249e+15	0.000000e+00	0.000000e+00	0.000000e+00
 46.5989	       193	1.568350e+11	     4183.73	     2597.82	  240.13	548.892395	  297.17	   1.285e+09	   1.907e+10	  -2.465e+10	  0.903922	  0.755803	 -0.139338	  0.839122	  0.525793	 -0.225971	 -0.543907	  0.808147	  0.964117	 -0.006208	  0.265405	6.924830e+15	-1.356035e+16	0.000000e+00	0.000000e+00	0.000000e+00
 60.1073	       256	2.080299e+11	     2585.78	     1191.56	  243.50	521.300900	  298.65	  -2.411e+10	   2.484e+10	  -1.807e+10	  0.893227	  0.829405	  0.008593	  0.758408	  0.651723	  0.077058	 -0.650312	  0.755749	  0.996990	  0.043727	 -0.064030	9.277463e+15	-1.720828e+16	0.000000e+00	0.000000e+00	0.000000e+00
 77.5316	       342	2.779149e+11	     1609.62	      757.91	  247.81	490.969417	  297.33	  -2.637e+10	   1.172e+10	  -1.416e+10	  0.833710	  0.739262	 -0.196980	  0.721949	  0.663317	  0.254126	 -0.615851	  0.745753	  0.946900	  0.315464	 -0.062156	1.228429e+16	-2.166194e+16	0.000000e+00	0.000000e+00	0.000000e+00
100.0070	       452	3.673028e+11	      991.25	      451.71	  250.84	458.095025	  291.05	  -3.697e+10	   5.745e+10	  -5.591e+10	  0.842448	  0.793389	 -0.136154	  0.732296	  0.667236	  0.537612	 -0.511097	  0.670636	  0.832127	  0.450024	 -0.324103	1.555740e+16	-2.667246e+16	0.000000e+00	0.000000e+00	0.000000e+00
128.9976	       593	4.818817e+11	      605.96	      269.79	  252.98	421.547521	  286.44	    1.84e+10	   6.697e+10	  -1.073e+11	  0.846081	  0.711320	 -0.169432	  0.771962	  0.612673	  0.443513	 -0.495431	  0.746890	  0.880108	  0.398275	 -0.258433	1.976911e+16	-3.219013e+16	0.000000e+00	0.000000e+00	0.000000e+00
166.3922	       728	5.915850e+11	      346.63	      120.36	  246.80	382.121114	  286.74	    6.11e+10	   1.113e+11	  -1.379e+11	  0.820799	  0.691918	 -0.178153	  0.890869	  0.417869	  0.157514	 -0.393368	  0.905788	  0.971314	  0.227189	 -0.070244	2.432037e+16	-3.659075e+16	0.000000e+00	0.000000e+00	0.000000e+00
214.6406	       894	7.264794e+11	      198.31	       68.94	  240.80	340.557073	  282.70	   2.611e+11	   2.022e+11	  -1.584e+11	  0.720361	  0.579811	 -0.157685	  0.923056	  0.350861	  0.298367	 -0.294165	  0.907989	  0.941335	  0.247862	 -0.229024	2.902898e+16	-4.095078e+16	0.000000e+00	0.000000e+00	0.000000e+00
 -7.5906	         7	5.688317e+09	    35107.37	    35107.37	  113.31	593.520402	  131.99	  -4.518e+08	   2.201e+07	  -1.719e+08	  0.000000	  0.000000	  0.000000	  0.000000	  0.000000	  0.000000	  0.000000	  0.000000	  0.000000	  0.000000	  0.000000	4.955024e+13	-5.095284e+14	0.000000e+00	0.000000e+00	0.000000e+00
 -9.7846	        10	8.126168e+09	    23415.88	    13176.84	  119.28	591.051373	  173.19	  -1.137e+09	  -6.557e+07	   8.324e+07	  0.000000	  0.000000	  0.000000	  0.000000	  0.000000	  0.000000	  0.000000	  0.000000	  0.000000	  0.000000	  0.000000	1.218687e+14	-7.228509e+14	0.000000e+00	0.000000e+00	0.000000e+00
-12.6126	        17	1.381448e+10	    18585.30	    14354.83	  136.98	583.038384	  228.76	  -8.673e+08	   1.618e+08	  -2.544e+08	  0.804299	  0.655709	 -0.156192	  0.691820	  0.704974	  0.658617	  0.604848	 -0.447641	  0.736089	 -0.394390	  0.550117	3.614551e+14	-1.213447e+15	0.000000e+00	0.000000e+00	0.000000e+00
-16.2580	        23	1.869019e+10	    11739.75	     5744.62	  140.34	574.969399	  237.87	    3.16e+08	   8.934e+08	  -8.004e+08	  0.655992	  0.621261	  0.231718	  0.227231	  0.945872	  0.820378	  0.476881	 -0.315538	 -0.522768	  0.849088	 -0.075913	5.287758e+14	-1.620099e+15	0.000000e+00	0.000000e+00	0.000000e+00
-20.9571	        50	4.063084e+10	    11915.47	    12069.37	  182.25	563.181768	  246.38	  -2.455e+09	  -2.455e+09	  -2.671e+09	  0.846294	  0.687708	  0.673213	 -0.117136	  0.730112	 -0.432418	  0.738583	  0.517214	  0.599832	  0.663909	 -0.446572	1.233228e+15	-3.398586e+15	0.000000e+00	0.000000e+00	0.000000e+00
-27.0143	        65	5.282009e+10	     7232.11	     3130.56	  183.02	548.184352	  255.54	  -2.736e+09	  -6.932e+09	  -5.073e+09	  0.828051	  0.720962	  0.398150	 -0.383677	  0.833228	  0.906314	  0.024250	 -0.421908	  0.141671	  0.923149	  0.357387	1.724651e+15	-4.340601e+15	0.000000e+00	0.000000e+00	0.000000e+00
-34.8223	        99	8.044906e+10	     5142.77	     3312.99	  198.95	530.406601	  263.85	   1.158e+10	  -1.053e+10	  -1.181e+10	  0.964246	  0.783263	  0.156143	 -0.559276	  0.814144	  0.240743	  0.820945	  0.517776	  0.957947	 -0.115152	 -0.262827	2.800306e+15	-6.359015e+15	0.000000e+00	0.000000e+00	0.000000e+00
 44.8870	       147	1.194547e+11	     3565.25	     2183.70	  213.52	510.017250	  275.99	   7.314e+09	  -8.416e+09	   -1.07e+10	  0.967960	  0.823260	  0.088818	 -0.524013	  0.847067	 -0.096953	  0.841841	  0.530946	  0.991318	  0.129283	 -0.023966	4.549487e+15	-9.002965e+15	0.000000e+00	0.000000e+00	0.000000e+00
 57.8607	       191	1.552098e+11	     2162.80	      934.58	  214.37	485.835293	  274.41	   4.613e+10	  -2.191e+10	   -3.01e+10	  0.901739	  0.758505	  0.087237	 -0.690755	  0.717807	  0.120553	  0.722579	  0.680696	  0.988866	 -0.027152	 -0.146308	5.843838e+15	-1.122143e+16	0.000000e+00	0.000000e+00	0.000000e+00
 74.5843	       263	2.137182e+11	     1390.43	      714.01	  221.57	460.659419	  276.42	    5.73e+10	  -8.843e+08	  -2.871e+10	  0.873633	  0.737248	  0.069918	 -0.528929	  0.845781	  0.118782	  0.846238	  0.519395	  0.990456	 -0.064148	 -0.121994	8.164634e+15	-1.449253e+16	0.000000e+00	0.000000e+00	0.000000e+00
 96.1414	       349	2.836032e+11	      861.45	      398.18	  224.80	433.474770	  273.33	   5.966e+10	   3.041e+10	  -4.657e+09	  0.847441	  0.724340	  0.115708	 -0.207740	  0.971317	 -0.263490	  0.936431	  0.231667	  0.957698	  0.282738	 -0.053615	1.059427e+16	-1.797279e+16	0.000000e+00	0.000000e+00	0.000000e+00
123.9292	       470	3.819299e+11	      541.64	      261.56	  229.78	402.059870	  268.11	    1.05e+11	   1.106e+11	   7.098e+10	  0.900572	  0.758378	  0.231151	 -0.513836	  0.826161	 -0.127281	  0.825888	  0.549279	  0.964556	  0.232121	 -0.125503	1.372688e+16	-2.225409e+16	0.000000e+00	0.000000e+00	0.000000e+00
159.7485	       611	4.965088e+11	      328.75	      142.31	  230.75	366.877899	  261.64	   2.035e+11	   1.459e+11	   2.408e+11	  0.865950	  0.728326	  0.205891	 -0.556131	  0.805188	  0.013655	  0.824369	  0.565888	  0.978480	  0.105517	 -0.177324	1.699449e+16	-2.648363e+16	0.000000e+00	0.000000e+00	0.000000e+00
205.9343	       794	6.452177e+11	      199.42	       86.20	  231.68	327.660092	  255.85	   3.262e+11	   1.192e+11	   6.946e+11	  0.959869	  0.751297	 -0.046655	  0.982644	 -0.179536	  0.205811	  0.185332	  0.960882	  0.977479	  0.007879	 -0.210885	2.111776e+16	-3.098966e+16	0.000000e+00	0.000000e+00	0.000000e+00
 -7.2664	         5	4.063084e+09	    28586.02	    28586.02	   97.88	524.520865	  155.48	  -1.347e+08	   3.427e+08	  -9.003e+07	  0.000000	  0.000000	  0.000000	  0.000000	  0.000000	  0.000000	  0.000000	  0.000000	  0.000000	  0.000000	  0.000000	4.910964e+13	-2.855385e+14	0.000000e+00	0.000000e+00	0.000000e+00
 -9.5078	         8	6.500934e+09	    20416.76	    13829.71	  108.23	518.487962	  178.41	   1.839e+08	    6.36e+08	     2.5e+08	  0.000000	  0.000000	  0.000000	  0.000000	  0.000000	  0.000000	  0.000000	  0.000000	  0.000000	  0.000000	  0.000000	1.034671e+14	-4.512748e+14	0.000000e+00	0.000000e+00	0.000000e+00
-12.4406	        16	1.300187e+10	    18227.62	    16462.47	  133.81	511.541190	  186.61	  -1.784e+08	   1.011e+08	   3.258e+08	  0.754341	  0.570108	  0.616519	 -0.717447	  0.324304	  0.704746	  0.319206	 -0.633593	  0.351050	  0.619174	  0.702415	2.263913e+14	-8.831980e+14	0.000000e+00	0.000000e+00	0.000000e+00
-16.2781	        26	2.112804e+10	    13221.98	     9185.83	  149.12	501.991351	  195.82	   1.145e+09	   1.424e+07	    9.69e+08	  0.805074	  0.696806	 -0.087564	  0.994439	 -0.058505	  0.957872	  0.067927	 -0.279048	  0.273522	  0.080475	  0.958493	4.050980e+14	-1.403451e+15	0.000000e+00	0.000000e+00	0.000000e+00
-21.2993	        36	2.925420e+10	     8172.20	     4100.45	  153.40	489.257612	  195.40	   1.199e+08	    1.12e+09	   3.278e+08	  0.759705	  0.710543	 -0.220395	  0.972087	  0.080455	  0.608614	  0.072591	  0.790139	  0.762244	  0.223109	 -0.607624	5.584686e+14	-1.901181e+15	0.000000e+00	0.000000e+00	0.000000e+00
-27.8694	        57	4.631916e+10	     5775.96	     3843.83	  168.74	475.242916	  209.94	  -4.346e+09	   3.637e+09	  -3.506e+09	  0.972057	  0.752697	  0.125025	 -0.581247	  0.804065	 -0.145962	  0.790831	  0.594375	  0.981358	  0.191674	 -0.014034	1.020770e+15	-2.894356e+15	0.000000e+00	0.000000e+00	0.000000e+00
-36.4662	        82	6.663457e+10	     3709.17	     2042.67	  176.93	457.602681	  210.14	  -6.952e+09	   9.921e+08	  -4.735e+09	  0.923053	  0.685530	 -0.153262	  0.976438	 -0.151920	 -0.433160	  0.071798	  0.898453	  0.888191	  0.203504	  0.411950	1.471294e+15	-3.998413e+15	0.000000e+00	0.000000e+00	0.000000e+00
 47.7148	       116	9.426354e+10	     2342.25	     1240.08	  183.97	438.669560	  227.66	  -2.204e+10	   6.683e+09	  -7.189e+09	  0.874590	  0.706663	 -0.308129	  0.290984	  0.905751	  0.063231	  0.956233	 -0.285692	  0.949241	  0.030759	  0.313043	2.442805e+15	-5.379701e+15	0.000000e+00	0.000000e+00	0.000000e+00
 62.4331	       165	1.340818e+11	     1487.21	      797.77	  191.82	416.120398	  229.23	  -3.535e+10	   1.559e+10	  -1.876e+10	  0.848274	  0.633479	 -0.365565	  0.300286	  0.881017	 -0.198399	  0.899639	 -0.388956	  0.909395	  0.316982	  0.269300	3.522777e+15	-7.203334e+15	0.000000e+00	0.000000e+00	0.000000e+00
 81.6916	       234	1.901523e+11	      941.50	      501.47	  199.70	391.752304	  233.92	  -6.086e+10	   2.454e+10	  -2.821e+10	  0.779271	  0.678670	 -0.114313	  0.078005	  0.990378	 -0.370033	  0.921834	 -0.115317	  0.921959	  0.379655	  0.076514	5.202375e+15	-9.466041e+15	0.000000e+00	0.000000e+00	0.000000e+00
106.8906	       330	2.681635e+11	      592.69	      311.45	  207.32	361.685073	  233.18	  -1.273e+11	  -1.135e+10	  -4.119e+10	  0.814853	  0.634506	 -0.065506	 -0.322428	  0.944325	 -0.433328	  0.861658	  0.264144	  0.898852	  0.391899	  0.196161	7.290279e+15	-1.223403e+16	0.000000e+00	0.000000e+00	0.000000e+00
139.8627	       448	3.640523e+11	      359.18	      170.89	  211.17	327.251802	  230.57	   -1.84e+11	  -5.072e+10	  -2.877e+10	  0.725104	  0.594759	 -0.008085	 -0.277529	  0.960683	 -0.471921	  0.848056	  0.241020	  0.881604	  0.451418	  0.137829	9.676891e+15	-1.507864e+16	0.000000e+00	0.000000e+00	0.000000e+00
183.0190	       553	4.493771e+11	      197.87	       67.85	  205.10	290.064039	  225.78	  -2.929e+11	      -8e+10	  -4.561e+10	  0.708010	  0.606427	  0.028560	 -0.179362	  0.983369	 -0.514377	  0.840885	  0.168312	  0.857089	  0.510629	  0.068244	1.145417e+16	-1.713458e+16	0.000000e+00	0.000000e+00	0.000000e+00
-17.2861	         4	3.250467e+09	     1698.63	     1698.63	   56.76	449.186948	  167.55	  -4.171e+08	  -6.511e+08	  -1.581e+08	  0.000000	  0.000000	  0.000000	  0.000000	  0.000000	  0.000000	  0.000000	  0.000000	  0.000000	  0.000000	  0.000000	4.562696e+13	-1.653895e+14	0.000000e+00	0.000000e+00	0.000000e+00
-21.0205	         5	4.063084e+09	     1180.79	      532.02	   57.55	448.257580	  197.61	   2.267e+08	  -1.572e+09	  -6.791e+08	  0.000000	  0.000000	  0.000000	  0.000000	  0.000000	  0.000000	  0.000000	  0.000000	  0.000000	  0.000000	  0.000000	7.933054e+13	-2.062103e+14	0.000000e+00	0.000000e+00	0.000000e+00
-25.5617	        18	1.462710e+10	     2363.94	     3846.23	   99.01	445.958041	  209.70	   3.866e+09	   -5.49e+09	  -2.671e+09	  0.756320	  0.661932	  0.567859	  0.256448	  0.782157	  0.791331	  0.091465	 -0.604508	 -0.226565	  0.962221	 -0.150996	3.216087e+14	-7.339698e+14	0.000000e+00	0.000000e+00	0.000000e+00
-31.0839	        30	2.437850e+10	     2191.03	     1974.40	  115.92	441.196490	  214.32	   4.683e+09	  -1.018e+10	  -2.616e+09	  0.968361	  0.682321	  0.932968	  0.348788	 -0.088976	  0.071664	  0.062255	  0.995484	 -0.352752	  0.935132	 -0.033087	5.599010e+14	-1.211519e+15	0.000000e+00	0.000000e+00	0.000000e+00
-37.7991	        49	3.981822e+10	     1990.15	     1738.48	  134.34	434.068606	  224.84	   5.115e+09	  -1.394e+10	  -3.037e+09	  0.954684	  0.678231	  0.402536	 -0.336038	  0.851495	 -0.910912	 -0.239079	  0.336274	 -0.090573	  0.910999	  0.402339	1.006443e+15	-1.950610e+15	0.000000e+00	0.000000e+00	0.000000e+00
 45.9650	        75	6.094626e+10	     1694.00	     1322.98	  150.72	425.215604	  220.47	   2.196e+09	  -2.346e+10	  -8.517e+09	  0.915654	  0.719829	  0.997590	 -0.065347	 -0.023307	 -0.028815	 -0.695845	  0.717614	  0.063112	  0.715213	  0.696051	1.481273e+15	-2.924570e+15	0.000000e+00	0.000000e+00	0.000000e+00
 55.8950	       111	9.020046e+10	     1394.24	     1018.70	  166.27	413.193362	  224.44	  -2.531e+08	  -2.398e+10	  -1.369e+10	  0.857522	  0.791888	  0.958612	 -0.003155	 -0.284697	  0.273214	 -0.271132	  0.922952	  0.080102	  0.962537	  0.259049	2.271926e+15	-4.212469e+15	0.000000e+00	0.000000e+00	0.000000e+00
 67.9702	       158	1.283934e+11	     1103.66	      739.61	  179.89	398.805858	  228.36	  -5.888e+08	  -5.169e+10	    -1.6e+10	  0.656402	  0.641143	  0.806314	  0.258219	 -0.532148	 -0.557770	  0.631354	 -0.538781	  0.196850	  0.731243	  0.653096	3.347837e+15	-5.791760e+15	0.000000e+00	0.000000e+00	0.000000e+00
 82.6541	       217	1.763378e+11	      842.95	      516.32	  191.18	381.374122	  235.94	   7.312e+09	  -8.779e+10	  -2.387e+10	  0.645863	  0.586060	  0.735147	  0.250068	 -0.630099	  0.676354	 -0.207661	  0.706698	 -0.045876	  0.945697	  0.321796	4.908358e+15	-7.618880e+15	0.000000e+00	0.000000e+00	0.000000e+00
100.5102	       274	2.226570e+11	      591.91	      277.40	  194.81	361.846401	  232.60	   3.635e+10	  -1.031e+11	  -6.476e+09	  0.629096	  0.573310	  0.732475	  0.222666	 -0.643351	  0.609775	  0.205661	  0.765427	 -0.302747	  0.952955	 -0.014865	6.022949e+15	-9.222505e+15	0.000000e+00	0.000000e+00	0.000000e+00
122.2239	       363	2.949799e+11	      436.09	      240.87	  203.34	339.489128	  230.08	   8.644e+10	  -1.756e+11	  -4.855e+10	  0.592735	  0.542930	  0.708065	  0.261975	 -0.655754	  0.607906	  0.246360	  0.754822	 -0.359296	  0.933100	 -0.015183	7.807924e+15	-1.144926e+16	0.000000e+00	0.000000e+00	0.000000e+00
148.6284	       454	3.689280e+11	      303.31	      136.96	  206.22	314.298992	  226.07	   1.466e+11	  -2.575e+11	  -6.329e+10	  0.560244	  0.482732	  0.733652	  0.279801	 -0.619246	  0.555144	  0.278746	  0.783656	 -0.391880	  0.918701	 -0.049173	9.427884e+15	-1.342838e+16	0.000000e+00	0.000000e+00	0.000000e+00
180.7508	       535	4.347500e+11	      198.72	       67.76	  202.99	287.088937	  220.91	   1.431e+11	  -3.088e+11	  -9.154e+10	  0.606526	  0.478441	  0.742127	  0.233331	 -0.628334	  0.559765	  0.299862	  0.772493	 -0.368660	  0.925008	 -0.091926	1.060802e+16	-1.492628e+16	0.000000e+00	0.000000e+00	0.000000e+00
 -9.3335	        12	9.751401e+09	    32372.69	    32372.69	  133.79	498.654619	  198.51	   3.162e+08	  -1.311e+08	   1.968e+08	  0.747490	  0.576189	  0.835361	 -0.013879	  0.549526	  0.007224	  0.999872	  0.014272	 -0.549654	 -0.007952	  0.835355	1.921305e+14	-6.155948e+14	0.000000e+00	0.000000e+00	0.000000e+00
-12.1502	        18	1.462710e+10	    22011.57	    13420.75	  143.61	487.927942	  198.98	  -5.257e+08	  -3.541e+08	   2.694e+08	  0.862174	  0.584359	 -0.674280	  0.461902	 -0.576189	  0.091547	  0.826505	  0.555435	  0.732780	  0.321770	 -0.599582	2.895771e+14	-9.120782e+14	0.000000e+00	0.000000e+00	0.000000e+00
-15.8170	        23	1.869019e+10	    12749.33	     5069.63	  142.28	477.436870	  204.83	  -6.358e+08	  -8.191e+07	   6.937e+08	  0.967240	  0.718800	  0.306061	  0.083168	  0.948372	  0.717626	 -0.674747	 -0.172422	  0.625571	  0.733348	 -0.266197	3.920933e+14	-1.147157e+15	0.000000e+00	0.000000e+00	0.000000e+00
-20.5904	        37	3.006682e+10	     9296.99	     6434.51	  158.17	462.799762	  222.24	  -2.643e+09	    1.89e+08	   1.865e+08	  0.867869	  0.780176	 -0.082092	  0.991607	 -0.099887	  0.366687	  0.123247	  0.922145	  0.926716	  0.039073	 -0.373727	7.425299e+14	-1.780712e+15	0.000000e+00	0.000000e+00	0.000000e+00
-26.8043	        45	3.656775e+10	     5125.48	     1666.70	  152.88	449.843366	  231.53	   -3.03e+09	  -2.498e+08	   -2.02e+09	  0.829625	  0.658015	 -0.190313	  0.981507	 -0.020601	 -0.528856	 -0.084820	  0.844462	  0.827098	  0.171608	  0.535219	9.801155e+14	-2.118482e+15	0.000000e+00	0.000000e+00	0.000000e+00
-34.8934	        68	5.525794e+10	     3510.84	     2172.09	  164.71	435.692619	  238.21	   5.242e+09	  -6.092e+08	  -7.169e+09	  0.905094	  0.701443	  0.267692	  0.894821	 -0.357262	  0.904834	 -0.360885	 -0.225915	  0.331084	  0.262787	  0.906271	1.567723e+15	-3.035013e+15	0.000000e+00	0.000000e+00	0.000000e+00
 45.4238	        95	7.719859e+10	     2223.35	     1155.83	  170.64	418.083937	  245.92	   6.529e+09	   7.006e+09	   -2.02e+10	  0.940577	  0.779676	  0.544487	  0.597582	 -0.588582	 -0.677386	  0.727114	  0.111594	  0.494653	  0.337936	  0.800698	2.334319e+15	-4.029345e+15	0.000000e+00	0.000000e+00	0.000000e+00
 59.1321	       158	1.283934e+11	     1676.18	     1222.51	  192.87	396.773127	  240.86	   2.968e+10	   1.612e+10	  -2.951e+10	  0.970793	  0.826959	  0.291446	  0.911553	 -0.290052	  0.921391	 -0.349000	 -0.170991	  0.257096	  0.217416	  0.941611	3.724128e+15	-6.150741e+15	0.000000e+00	0.000000e+00	0.000000e+00
 76.9773	       229	1.860892e+11	     1101.24	      624.53	  203.51	371.154811	  240.42	   5.119e+10	   2.249e+10	  -5.975e+10	  0.875572	  0.779900	  0.799194	 -0.576643	 -0.169625	  0.395956	  0.717388	 -0.573213	  0.452226	  0.390945	  0.801657	5.378099e+15	-8.258163e+15	0.000000e+00	0.000000e+00	0.000000e+00
100.2080	       309	2.510986e+11	      673.57	      318.98	  207.19	339.586348	  239.56	    8.49e+10	    4.64e+10	   -1.13e+11	  0.878960	  0.756714	 -0.541341	  0.836121	  0.088605	  0.566310	  0.440475	 -0.696617	  0.621485	  0.326929	  0.711951	7.205297e+15	-1.031600e+16	0.000000e+00	0.000000e+00	0.000000e+00
130.4494	       380	3.087944e+11	      375.48	      128.33	  201.38	304.466496	  235.30	   8.998e+10	   6.078e+10	  -1.104e+11	  0.965909	  0.732302	  0.910231	 -0.315381	 -0.268354	  0.278409	  0.945797	 -0.167203	  0.306541	  0.077482	  0.948699	8.548587e+15	-1.182796e+16	0.000000e+00	0.000000e+00	0.000000e+00
169.8308	       444	3.608018e+11	      198.82	       52.41	  190.78	269.813690	  227.23	   1.042e+11	   9.627e+10	  -1.407e+11	  0.933528	  0.745914	  0.876079	 -0.460311	 -0.143527	  0.448811	  0.887297	 -0.106172	  0.176223	  0.028598	  0.983935	9.314568e+15	-1.292555e+16	0.000000e+00	0.000000e+00	0.000000e+00
-12.4670	         5	4.063084e+09	     5659.98	     5659.98	   74.72	428.461462	  135.35	    8.18e+07	  -3.746e+08	  -1.969e+07	  0.000000	  0.000000	  0.000000	  0.000000	  0.000000	  0.000000	  0.000000	  0.000000	  0.000000	  0.000000	  0.000000	3.721575e+13	-1.899940e+14	0.000000e+00	0.000000e+00	0.000000e+00
-15.7536	        10	8.126168e+09	     5610.44	     5561.76	   94.01	425.694202	  132.29	  -3.627e+08	  -6.142e+08	  -2.462e+08	  0.000000	  0.000000	  0.000000	  0.000000	  0.000000	  0.000000	  0.000000	  0.000000	  0.000000	  0.000000	  0.000000	7.111161e+13	-3.751151e+14	0.000000e+00	0.000000e+00	0.000000e+00
-19.9065	        16	1.300187e+10	     4449.07	     3307.85	  105.78	418.378992	  171.62	  -2.979e+08	   8.246e+06	   1.677e+09	  0.800834	  0.698710	  0.849543	 -0.302074	  0.432466	 -0.379076	  0.220532	  0.898703	  0.366848	  0.927425	 -0.072843	1.914706e+14	-5.920217e+14	0.000000e+00	0.000000e+00	0.000000e+00
-25.1542	        26	2.112804e+10	     3583.23	     2732.41	  119.96	413.819404	  177.89	  -8.545e+08	   7.671e+08	   1.496e+09	  0.939134	  0.699111	 -0.144002	 -0.210757	  0.966874	  0.970787	  0.159412	  0.179333	 -0.191927	  0.964453	  0.181645	3.343028e+14	-9.434109e+14	0.000000e+00	0.000000e+00	0.000000e+00
-31.7854	        45	3.656775e+10	     3073.73	     2573.07	  140.39	403.725416	  177.19	   1.409e+09	   1.969e+09	   3.585e+09	  0.819221	  0.646396	 -0.015275	 -0.341970	  0.939587	  0.977664	  0.191891	  0.085734	 -0.209616	  0.919910	  0.331401	5.740349e+14	-1.587353e+15	0.000000e+00	0.000000e+00	0.000000e+00
-40.1646	        66	5.363271e+10	     2234.34	     1409.52	  151.25	391.322252	  189.72	   1.397e+09	   3.808e+09	  -7.599e+08	  0.888366	  0.673914	 -0.422507	 -0.451528	  0.785882	  0.839260	  0.132509	  0.527337	 -0.342245	  0.882362	  0.322963	9.651706e+14	-2.261952e+15	0.000000e+00	0.000000e+00	0.000000e+00
 50.7527	        90	7.313551e+10	     1510.08	      798.39	  157.12	377.141779	  200.57	   3.671e+09	  -1.207e+08	   4.934e+07	  0.859110	  0.633237	 -0.367672	 -0.453873	  0.811675	  0.888838	  0.085151	  0.450240	 -0.273467	  0.886988	  0.372112	1.471096e+15	-2.978664e+15	0.000000e+00	0.000000e+00	0.000000e+00
 64.1320	       126	1.023897e+11	     1047.80	      593.55	  165.39	360.389927	  200.94	  -2.499e+08	  -1.118e+10	   2.615e+09	  0.764378	  0.527519	 -0.311936	 -0.456564	  0.833214	  0.931026	  0.027968	  0.363880	 -0.189438	  0.889251	  0.416349	2.067141e+15	-3.971683e+15	0.000000e+00	0.000000e+00	0.000000e+00
 81.0384	       191	1.552098e+11	      787.22	      531.15	  181.14	341.124207	  207.19	  -2.625e+10	  -6.807e+09	   1.103e+10	  0.745234	  0.596443	 -0.361199	 -0.442017	  0.821070	  0.922470	 -0.040650	  0.383923	 -0.136324	  0.896085	  0.422430	3.331299e+15	-5.590493e+15	0.000000e+00	0.000000e+00	0.000000e+00
102.4016	       262	2.129056e+11	      535.20	      287.55	  188.73	316.127909	  208.56	  -5.323e+10	   2.675e+10	   4.523e+10	  0.829379	  0.618947	 -0.357977	 -0.495948	  0.791131	  0.912735	 -0.007199	  0.408489	 -0.196894	  0.868323	  0.455246	4.630274e+15	-7.161650e+15	0.000000e+00	0.000000e+00	0.000000e+00
129.3966	       324	2.632878e+11	      328.03	      124.45	  186.71	289.399036	  204.06	  -7.044e+10	    5.05e+10	   4.438e+10	  0.763104	  0.560352	 -0.451132	 -0.485509	  0.748840	  0.840461	  0.051097	  0.539457	 -0.300175	  0.872737	  0.385000	5.481628e+15	-8.316492e+15	0.000000e+00	0.000000e+00	0.000000e+00
163.5214	       397	3.226089e+11	      199.16	       72.59	  183.85	260.009542	  200.25	  -1.059e+11	   1.021e+11	   8.345e+10	  0.703620	  0.524363	  0.540811	  0.537361	 -0.647122	  0.700170	  0.138755	  0.700363	 -0.466139	  0.831860	  0.301204	6.468102e+15	-9.441382e+15	0.000000e+00	0.000000e+00	0.000000e+00
-16.6776	         5	4.063084e+09	     2364.30	     2364.30	   64.61	413.673012	   99.18	   7.523e+06	   -5.03e+08	   2.378e+08	  0.000000	  0.000000	  0.000000	  0.000000	  0.000000	  0.000000	  0.000000	  0.000000	  0.000000	  0.000000	  0.000000	1.998488e+13	-1.757365e+14	0.000000e+00	0.000000e+00	0.000000e+00
-20.5085	         9	7.313551e+09	     2288.62	     2200.58	   78.16	411.520382	  159.07	  -1.525e+09	  -9.103e+08	  -3.655e+08	  0.000000	  0.000000	  0.000000	  0.000000	  0.000000	  0.000000	  0.000000	  0.000000	  0.000000	  0.000000	  0.000000	9.252635e+13	-3.138640e+14	0.000000e+00	0.000000e+00	0.000000e+00
-25.2194	        13	1.056402e+10	     1777.77	     1183.42	   84.71	408.206107	  186.64	  -1.517e+09	   2.709e+08	   1.451e+09	  0.733073	  0.619177	 -0.376212	  0.919532	  0.113694	  0.882458	  0.393004	 -0.258489	  0.282371	 -0.003083	  0.959300	1.839953e+14	-4.500778e+14	0.000000e+00	0.000000e+00	0.000000e+00
-31.0123	        25	2.031542e+10	     1838.53	     1909.23	  105.94	403.304340	  197.22	   1.765e+09	    2.87e+09	   3.255e+08	  0.757933	  0.616901	 -0.263474	  0.956255	  0.127116	  0.450322	  0.005388	  0.892850	  0.853107	  0.292485	 -0.432042	3.950858e+14	-8.519311e+14	0.000000e+00	0.000000e+00	0.000000e+00
-38.1359	        51	4.144345e+10	     2016.98	     2224.59	  136.45	395.655779	  195.61	   6.396e+09	   1.502e+09	   8.756e+09	  0.826657	  0.805761	 -0.464431	  0.872591	  0.151290	  0.885081	  0.463230	  0.045267	  0.030583	 -0.154927	  0.987452	7.928624e+14	-1.695523e+15	0.000000e+00	0.000000e+00	0.000000e+00
 46.8958	        77	6.257149e+10	     1637.65	     1196.33	  151.19	384.740086	  195.67	   3.232e+09	   3.359e+09	   1.395e+10	  0.922063	  0.763692	 -0.018675	  0.816307	  0.577317	  0.924566	 -0.205683	  0.320736	 -0.380563	 -0.539757	  0.750888	1.197865e+15	-2.500415e+15	0.000000e+00	0.000000e+00	0.000000e+00
 57.6679	       125	1.015771e+11	     1429.69	     1187.73	  173.71	370.707976	  202.04	  -5.896e+09	   6.444e+09	   4.124e+10	  0.816971	  0.641287	  0.408307	  0.698556	  0.587626	  0.743924	 -0.627699	  0.229285	 -0.529021	 -0.343531	  0.775966	2.073127e+15	-3.889970e+15	0.000000e+00	0.000000e+00	0.000000e+00
 70.9144	       169	1.373322e+11	     1039.48	      585.50	  182.15	352.396675	  208.10	  -1.721e+10	   5.628e+07	   5.413e+10	  0.810894	  0.658010	  0.453651	  0.490943	  0.743758	 -0.584673	  0.793817	 -0.167369	  0.672576	  0.358928	 -0.647157	2.973496e+15	-5.058308e+15	0.000000e+00	0.000000e+00	0.000000e+00
 87.2036	       227	1.844640e+11	      750.86	      415.05	  190.37	331.359453	  205.25	  -2.228e+10	   6.936e+09	   8.542e+10	  0.788237	  0.672223	  0.346150	  0.458164	  0.818698	 -0.593971	  0.782505	 -0.186775	  0.726209	  0.421631	 -0.543000	3.885383e+15	-6.439814e+15	0.000000e+00	0.000000e+00	0.000000e+00
107.2345	       275	2.234696e+11	      489.17	      184.72	  188.95	307.448207	  205.77	   -1.25e+10	  -4.385e+09	   1.293e+11	  0.796876	  0.685849	  0.503017	  0.348849	  0.790745	  0.831186	 -0.446000	 -0.331984	  0.236860	  0.824250	 -0.514305	4.731216e+15	-7.440062e+15	0.000000e+00	0.000000e+00	0.000000e+00
131.8665	       322	2.616626e+11	      308.03	       97.27	  184.38	282.584095	  207.74	  -5.334e+07	   6.965e+09	   2.189e+11	  0.863454	  0.667453	  0.885048	  0.032129	  0.464389	 -0.434536	  0.414792	  0.799454	  0.166939	  0.909349	 -0.381072	5.646174e+15	-8.275351e+15	0.000000e+00	0.000000e+00	0.000000e+00
162.1702	       387	3.144827e+11	      199.04	       72.30	  182.27	257.781384	  210.11	   3.192e+10	  -1.629e+10	   3.103e+11	  0.798783	  0.655648	  0.984834	 -0.122332	  0.123032	 -0.091001	  0.239541	  0.966612	  0.147719	  0.963148	 -0.224776	6.941521e+15	-9.242039e+15	0.000000e+00	0.000000e+00	0.000000e+00
-14.4389	         5	4.063084e+09	     3643.34	     3643.34	   69.43	391.086841	  106.69	    -2.7e+08	   4.057e+08	   4.412e+08	  0.000000	  0.000000	  0.000000	  0.000000	  0.000000	  0.000000	  0.000000	  0.000000	  0.000000	  0.000000	  0.000000	2.312640e+13	-1.576645e+14	0.000000e+00	0.000000e+00	0.000000e+00
-17.8910	         8	6.500934e+09	     3064.24	     2422.50	   78.90	389.356978	  122.25	    3.33e+08	   8.739e+08	   9.319e+08	  0.000000	  0.000000	  0.000000	  0.000000	  0.000000	  0.000000	  0.000000	  0.000000	  0.000000	  0.000000	  0.000000	4.857760e+13	-2.503856e+14	0.000000e+00	0.000000e+00	0.000000e+00
-22.1683	        15	1.218925e+10	     3020.15	     2971.29	   97.06	384.957445	  149.54	  -1.176e+09	    2.46e+09	  -1.791e+07	  0.795146	  0.665669	 -0.024693	  0.978026	 -0.207014	  0.999083	  0.016898	 -0.039342	  0.034979	  0.207795	  0.977547	1.362954e+14	-4.632003e+14	0.000000e+00	0.000000e+00	0.000000e+00
-27.4682	        23	1.869019e+10	     2434.27	     1785.01	  107.97	379.018886	  141.86	  -4.099e+08	     2.7e+09	   -9.02e+08	  0.901825	  0.625439	  0.034768	  0.995593	 -0.087101	  0.999391	 -0.034904	 -0.000035	  0.003075	  0.087047	  0.996199	1.880565e+14	-7.006727e+14	0.000000e+00	0.000000e+00	0.000000e+00
-34.0353	        34	2.762897e+10	     1891.58	     1290.17	  117.93	371.903559	  160.29	  -1.277e+08	   5.192e+09	   5.331e+08	  0.748700	  0.452761	 -0.071356	  0.922138	 -0.380222	  0.996801	  0.079685	  0.006188	 -0.036004	  0.378564	  0.924874	3.549263e+14	-1.016552e+15	0.000000e+00	0.000000e+00	0.000000e+00
 42.1724	        57	4.631916e+10	     1666.96	     1418.03	  137.17	363.982930	  174.46	   -6.59e+09	   4.176e+09	  -8.249e+09	  0.690600	  0.604195	  0.376793	  0.823299	 -0.424506	  0.883654	 -0.456928	 -0.101846	  0.277818	  0.336742	  0.899679	7.048580e+14	-1.645637e+15	0.000000e+00	0.000000e+00	0.000000e+00
 52.2549	        97	7.882383e+10	     1491.16	     1296.35	  160.76	351.130312	  185.94	  -1.353e+10	   5.769e+09	  -2.091e+10	  0.659284	  0.548658	  0.422027	  0.801043	 -0.424527	 -0.567724	  0.598601	  0.565125	  0.706812	  0.002516	  0.707397	1.362617e+15	-2.682023e+15	0.000000e+00	0.000000e+00	0.000000e+00
 64.7479	       147	1.194547e+11	     1187.89	      851.80	  177.78	332.787045	  194.27	  -1.722e+10	   9.343e+09	  -4.188e+10	  0.673331	  0.570486	  0.349524	  0.825107	 -0.443883	 -0.578510	  0.562724	  0.590481	  0.736993	  0.050404	  0.674018	2.254218e+15	-3.868450e+15	0.000000e+00	0.000000e+00	0.000000e+00
 80.2277	       180	1.462710e+11	      764.60	      295.52	  176.73	311.781255	  190.44	  -1.723e+10	   1.114e+10	  -5.277e+10	  0.621124	  0.544781	  0.301923	  0.843335	 -0.444554	 -0.571831	  0.533319	  0.623362	  0.762792	  0.066003	  0.643266	2.652488e+15	-4.567382e+15	0.000000e+00	0.000000e+00	0.000000e+00
 99.4084	       222	1.804009e+11	      495.70	      197.71	  176.32	289.118627	  190.17	   8.277e+09	   2.474e+10	  -6.445e+10	  0.695326	  0.538908	  0.246357	  0.909365	 -0.335207	  0.812952	 -0.382193	 -0.439361	  0.527653	  0.164267	  0.833426	3.262017e+15	-5.335692e+15	0.000000e+00	0.000000e+00	0.000000e+00
123.1747	       261	2.120930e+11	      306.34	       96.50	  171.75	266.349315	  189.37	   2.379e+09	   4.894e+10	  -9.595e+10	  0.783783	  0.622529	  0.201728	  0.931814	 -0.301708	  0.936853	 -0.273422	 -0.218054	  0.285679	  0.238668	  0.928130	3.803124e+15	-5.942001e+15	0.000000e+00	0.000000e+00	0.000000e+00
152.6367	       322	2.616626e+11	      198.62	       79.30	  171.37	242.371269	  186.94	   1.077e+09	   9.409e+10	  -1.039e+11	  0.750737	  0.636154	  0.111813	  0.916936	 -0.383050	 -0.729661	  0.337435	  0.594754	  0.674606	  0.212995	  0.706781	4.571989e+15	-6.748318e+15	0.000000e+00	0.000000e+00	0.000000e+00
 -6.7551	         4	3.250467e+09	    28463.93	    28463.93	   90.79	406.886087	  121.72	    1.15e+08	  -1.237e+08	   -1.48e+08	  0.000000	  0.000000	  0.000000	  0.000000	  0.000000	  0.000000	  0.000000	  0.000000	  0.000000	  0.000000	  0.000000	2.407869e+13	-1.422577e+14	0.000000e+00	0.000000e+00	0.000000e+00
 -9.2006	         4	3.250467e+09	    11265.54	        0.00	   77.80	406.886087	  121.72	    1.15e+08	  -1.237e+08	   -1.48e+08	  0.000000	  0.000000	  0.000000	  0.000000	  0.000000	  0.000000	  0.000000	  0.000000	  0.000000	  0.000000	  0.000000	2.407869e+13	-1.422577e+14	0.000000e+00	0.000000e+00	0.000000e+00
-12.5313	         6	4.875701e+09	     6688.07	     3689.66	   81.64	404.318416	  175.54	   3.862e+08	   -1.03e+08	   3.736e+08	  0.000000	  0.000000	  0.000000	  0.000000	  0.000000	  0.000000	  0.000000	  0.000000	  0.000000	  0.000000	  0.000000	7.511846e+13	-2.089289e+14	0.000000e+00	0.000000e+00	0.000000e+00
-17.0677	        17	1.381448e+10	     7499.90	     8031.68	  117.76	394.706001	  186.32	   1.719e+09	   -1.45e+09	   9.191e+07	  0.753876	  0.720788	  0.395721	  0.296148	  0.869311	  0.914615	 -0.041569	 -0.402183	 -0.082970	  0.954237	 -0.287311	2.397786e+14	-5.681489e+14	0.000000e+00	0.000000e+00	0.000000e+00
-23.2465	        25	2.031542e+10	     4365.20	     2311.86	  122.36	381.684976	  190.23	   2.262e+09	  -2.246e+09	  -9.107e+08	  0.796972	  0.686896	  0.375953	  0.756614	  0.534972	  0.474984	 -0.653061	  0.589832	  0.795644	  0.032354	 -0.604900	3.675790e+14	-8.137595e+14	0.000000e+00	0.000000e+00	0.000000e+00
-31.6619	        42	3.412990e+10	     2902.49	     1944.36	  135.90	370.809958	  193.94	   2.152e+09	  -7.815e+09	   6.029e+08	  0.903557	  0.738042	  0.865078	  0.194386	 -0.462443	  0.465239	  0.033851	  0.884538	 -0.187595	  0.980341	  0.061152	6.418736e+14	-1.301095e+15	0.000000e+00	0.000000e+00	0.000000e+00
 43.1240	        75	6.094626e+10	     2051.35	     1493.82	  155.60	352.587621	  196.74	   1.829e+09	  -1.574e+10	   -4.44e+09	  0.906522	  0.679150	  0.960229	 -0.077289	  0.268304	 -0.277224	 -0.149391	  0.949120	  0.033275	  0.985753	  0.164876	1.179545e+15	-2.178245e+15	0.000000e+00	0.000000e+00	0.000000e+00
 58.7353	       117	9.507616e+10	     1266.55	      752.48	  166.53	329.196911	  191.83	  -6.508e+09	  -2.325e+10	  -4.863e+09	  0.901387	  0.688584	  0.566564	 -0.132967	  0.813219	  0.797388	 -0.160396	 -0.581760	  0.207792	  0.978056	  0.015152	1.749391e+15	-3.166326e+15	0.000000e+00	0.000000e+00	0.000000e+00
 79.9982	       174	1.413953e+11	      745.49	      404.18	  174.01	300.615733	  197.76	  -1.808e+10	   4.805e+09	   2.325e+09	  0.703455	  0.667973	  0.495048	 -0.009496	  0.868814	  0.859779	 -0.138885	 -0.491418	  0.125332	  0.990263	 -0.060590	2.764894e+15	-4.315985e+15	0.000000e+00	0.000000e+00	0.000000e+00
