#r(1)	npart(2)	M_in_r(3)	ovdens(4)	dens(5)	vcirc(6)	vesc(7)	sigv(8)	Lx(9)	Ly(10)	Lz(11)	b(12)	c(13)	Eax(14)	Eay(15)	Eaz(16)	Ebx(17)	Eby(18)	Ebz(19)	Ecx(20)	Ecy(21)	Ecz(22)	Ekin(23)	Epot(24)	M_gas(25)	M_star(26)	U_gas(27)	
-10.7707	         5	4.063084e+09	     8993.03	     8993.03	   98.11	497.356088	  231.45	  -2.377e+08	   8.204e+08	   8.382e+07	  0.000000	  0.000000	  0.000000	  0.000000	  0.000000	  0.000000	  0.000000	  0.000000	  0.000000	  0.000000	  0.000000	1.088299e+14	-2.565473e+14	0.000000e+00	0.000000e+00	0.000000e+00
-14.0090	         8	6.500934e+09	     6539.42	     4495.30	  108.81	493.263518	  259.20	  -5.985e+08	  -9.661e+07	  -2.609e+08	  0.000000	  0.000000	  0.000000	  0.000000	  0.000000	  0.000000	  0.000000	  0.000000	  0.000000	  0.000000	  0.000000	2.183785e+14	-4.056098e+14	0.000000e+00	0.000000e+00	0.000000e+00
-18.2208	        15	1.218925e+10	     5572.55	     4767.04	  130.64	485.575571	  276.71	  -2.163e+09	  -1.863e+09	  -6.501e+08	  0.807998	  0.698370	  0.933243	  0.353893	 -0.061780	 -0.320656	  0.898126	  0.300913	  0.161978	 -0.261015	  0.951648	4.666461e+14	-7.463674e+14	0.000000e+00	0.000000e+00	0.000000e+00
-23.6990	        24	1.950280e+10	     4052.16	     2785.52	  144.90	476.340815	  283.87	  -1.607e+09	  -4.359e+09	   -1.27e+09	  0.791134	  0.729547	 -0.598852	  0.798762	 -0.057933	  0.799586	  0.600412	  0.012988	 -0.045158	  0.038545	  0.998236	7.857739e+14	-1.166786e+15	0.000000e+00	0.000000e+00	0.000000e+00
-30.8243	        35	2.844159e+10	     2685.70	     1547.28	  153.43	463.695580	  278.55	  -1.788e+09	  -5.275e+09	  -3.778e+09	  0.853833	  0.679687	  0.828586	 -0.460977	  0.317720	  0.558694	  0.717445	 -0.416092	 -0.036137	  0.522276	  0.852010	1.103410e+15	-1.660232e+15	0.000000e+00	0.000000e+00	0.000000e+00
-40.0918	        74	6.013364e+10	     2580.68	     2493.19	  195.62	447.127518	  273.84	   1.486e+09	   -7.22e+09	  -7.677e+09	  0.755866	  0.713252	  0.916774	 -0.347276	  0.197293	  0.398519	  0.828251	 -0.393932	 -0.026605	  0.439772	  0.897715	2.254738e+15	-3.298892e+15	0.000000e+00	0.000000e+00	0.000000e+00
 52.1456	       114	9.263831e+10	     1806.84	     1162.15	  212.90	422.800658	  271.68	   5.293e+09	  -8.515e+09	  -1.217e+10	  0.840553	  0.808481	  0.969538	 -0.158404	  0.186828	  0.167039	  0.985453	 -0.031314	 -0.179150	  0.061568	  0.981893	3.418882e+15	-4.819527e+15	0.000000e+00	0.000000e+00	0.000000e+00
 67.8234	       167	1.357070e+11	     1202.94	      699.83	  225.94	391.174585	  265.32	   1.438e+10	  -7.873e+09	   -2.42e+10	  0.866538	  0.796434	  0.951257	 -0.280865	  0.127378	  0.295779	  0.947821	 -0.118954	 -0.087321	  0.150832	  0.984695	4.776454e+15	-6.613933e+15	0.000000e+00	0.000000e+00	0.000000e+00
 88.2149	       208	1.690243e+11	      680.93	      246.04	  221.10	354.971924	  255.72	   1.638e+10	  -1.108e+10	  -3.564e+10	  0.990796	  0.809870	  0.782609	 -0.620335	  0.052036	  0.613718	  0.782852	  0.102436	 -0.104281	 -0.048232	  0.993378	5.526634e+15	-7.784552e+15	0.000000e+00	0.000000e+00	0.000000e+00
114.7372	       241	1.958406e+11	      358.57	       90.00	  208.68	318.995008	  249.59	   2.877e+10	  -1.401e+10	   -4.22e+10	  0.920006	  0.798083	 -0.259000	  0.961023	  0.096712	  0.946787	  0.232796	  0.222263	 -0.191086	 -0.149132	  0.970178	6.100076e+15	-8.553873e+15	0.000000e+00	0.000000e+00	0.000000e+00
149.2471	       288	2.340336e+11	      194.69	       58.23	  200.02	282.883934	  245.76	   3.976e+10	  -1.552e+10	  -4.471e+10	  0.758896	  0.661478	 -0.320107	  0.940826	  0.111257	  0.726682	  0.168490	  0.665991	 -0.607836	 -0.294037	  0.737616	7.067503e+15	-9.422811e+15	0.000000e+00	0.000000e+00	0.000000e+00
-13.7430	         8	6.500934e+09	     6926.45	     6926.45	  109.86	419.238033	  178.51	   2.252e+08	  -4.943e+07	   5.045e+08	  0.000000	  0.000000	  0.000000	  0.000000	  0.000000	  0.000000	  0.000000	  0.000000	  0.000000	  0.000000	  0.000000	1.035746e+14	-2.936384e+14	0.000000e+00	0.000000e+00	0.000000e+00
-17.6348	        13	1.056402e+10	     5327.24	     3890.16	  123.63	413.162877	  186.09	   5.122e+08	  -1.092e+08	   7.898e+08	  0.547187	  0.423851	 -0.509647	  0.641313	  0.573566	 -0.027292	 -0.678354	  0.734228	  0.859950	  0.358544	  0.363224	1.829040e+14	-4.687473e+14	0.000000e+00	0.000000e+00	0.000000e+00
-22.6285	        21	1.706495e+10	     4073.02	     2945.95	  138.71	402.468397	  197.64	   5.431e+08	   2.709e+08	   1.408e+09	  0.787733	  0.621655	 -0.254091	  0.882749	  0.395210	 -0.089554	 -0.428339	  0.899170	  0.963025	  0.193078	  0.187891	3.332900e+14	-7.390219e+14	0.000000e+00	0.000000e+00	0.000000e+00
-29.0365	        36	2.925420e+10	     3304.75	     2614.36	  160.33	387.022575	  187.51	  -1.462e+09	   6.443e+08	   2.481e+09	  0.862513	  0.670002	 -0.450236	  0.550886	  0.702718	  0.490013	  0.810341	 -0.321301	  0.746442	 -0.199679	  0.634786	5.142702e+14	-1.217713e+15	0.000000e+00	0.000000e+00	0.000000e+00
-37.2590	        52	4.225607e+10	     2259.32	     1319.88	  170.10	371.244637	  195.04	  -4.316e+07	   1.882e+09	   6.272e+09	  0.918533	  0.639257	 -0.227230	  0.328730	  0.916680	  0.224443	  0.933641	 -0.279177	  0.947624	 -0.142305	  0.285932	8.037624e+14	-1.686625e+15	0.000000e+00	0.000000e+00	0.000000e+00
 47.8099	        69	5.607056e+10	     1418.93	      663.74	  172.98	351.231300	  197.87	   4.356e+09	   2.111e+09	   5.136e+09	  0.846344	  0.724357	  0.064654	  0.792906	  0.605904	 -0.370253	 -0.544775	  0.752418	  0.926678	 -0.272985	  0.258355	1.097686e+15	-2.136558e+15	0.000000e+00	0.000000e+00	0.000000e+00
 61.3487	        93	7.557336e+10	      905.18	      443.51	  177.28	328.807530	  197.55	   1.033e+10	   7.479e+09	   1.039e+10	  0.948219	  0.876764	 -0.023615	  0.955923	  0.292667	 -0.213885	 -0.290801	  0.932571	  0.976573	 -0.040574	  0.211325	1.474594e+15	-2.698474e+15	0.000000e+00	0.000000e+00	0.000000e+00
 78.7213	       121	9.832663e+10	      557.41	      244.90	  178.52	303.891202	  200.02	   1.356e+10	   1.223e+10	   8.111e+09	  0.947049	  0.887910	  0.004618	  0.818849	  0.573991	  0.934235	 -0.208239	  0.289555	 -0.356629	 -0.534905	  0.765958	1.966872e+15	-3.269975e+15	0.000000e+00	0.000000e+00	0.000000e+00
101.0136	       147	1.194547e+11	      320.51	      107.63	  173.70	277.328349	  198.59	   3.646e+09	   1.218e+10	   1.596e+10	  0.936881	  0.814150	  0.494512	 -0.718015	 -0.489809	  0.728472	  0.034985	  0.684182	  0.474117	  0.695148	 -0.540354	2.355531e+15	-3.712550e+15	0.000000e+00	0.000000e+00	0.000000e+00
129.6320	       193	1.568350e+11	      199.11	       90.08	  175.69	248.479439	  194.17	  -2.294e+09	   1.887e+10	   1.245e+10	  0.863231	  0.776564	  0.057233	  0.839683	  0.540053	  0.974489	  0.070600	 -0.213043	  0.217016	 -0.538469	  0.814221	2.956629e+15	-4.363528e+15	0.000000e+00	0.000000e+00	0.000000e+00
-22.9696	        10	8.126168e+09	     1854.42	     1854.42	   95.01	369.167695	  100.65	   1.068e+09	   2.708e+08	   5.126e+08	  0.000000	  0.000000	  0.000000	  0.000000	  0.000000	  0.000000	  0.000000	  0.000000	  0.000000	  0.000000	  0.000000	4.115797e+13	-2.884422e+14	0.000000e+00	0.000000e+00	0.000000e+00
-27.7829	        14	1.137663e+10	     1467.12	      963.85	  102.21	364.816593	  160.45	   1.291e+09	   7.698e+08	   6.273e+08	  0.676588	  0.563974	  0.882377	 -0.375834	 -0.283125	 -0.047365	 -0.669585	  0.741224	  0.468153	  0.640629	  0.608628	1.464462e+14	-3.976520e+14	0.000000e+00	0.000000e+00	0.000000e+00
-33.6048	        20	1.625234e+10	     1184.39	      817.01	  111.08	360.429359	  182.77	   2.345e+09	   3.909e+08	   2.612e+09	  0.881501	  0.664296	  0.806875	 -0.198598	 -0.556338	  0.197963	  0.978241	 -0.062095	  0.556565	 -0.060031	  0.828633	2.714579e+14	-5.571907e+14	0.000000e+00	0.000000e+00	0.000000e+00
-40.6467	        34	2.762897e+10	     1137.81	     1077.30	  131.69	352.589106	  195.94	   2.788e+08	  -1.638e+09	   5.287e+09	  0.828806	  0.736525	  0.897327	 -0.302620	 -0.321287	  0.391315	  0.882176	  0.261989	  0.204149	 -0.360815	  0.910020	5.303664e+14	-9.190558e+14	0.000000e+00	0.000000e+00	0.000000e+00
 49.1642	        54	4.388131e+10	     1021.21	      869.69	  150.90	342.053604	  196.99	  -1.214e+08	  -2.837e+09	   7.383e+09	  0.743421	  0.635105	  0.633649	 -0.361271	 -0.684085	  0.522302	 -0.452535	  0.722781	  0.570692	  0.815288	  0.098056	8.514156e+14	-1.406342e+15	0.000000e+00	0.000000e+00	0.000000e+00
 59.4666	        84	6.825981e+10	      897.69	      737.20	  171.13	325.457272	  213.80	  -2.218e+09	  -9.449e+09	   1.218e+10	  0.698394	  0.491488	  0.768838	 -0.545881	 -0.333019	  0.208002	 -0.278972	  0.937502	  0.604668	  0.790056	  0.100940	1.560041e+15	-2.093542e+15	0.000000e+00	0.000000e+00	0.000000e+00
 71.9278	       114	9.263831e+10	      688.46	      416.59	  181.27	306.458313	  211.22	  -7.681e+09	  -1.368e+10	    1.56e+10	  0.719309	  0.482736	  0.804688	 -0.565595	 -0.180498	  0.046366	 -0.243227	  0.968861	  0.591885	  0.787999	  0.169498	2.066550e+15	-2.707388e+15	0.000000e+00	0.000000e+00	0.000000e+00
 87.0003	       138	1.121411e+11	      470.96	      188.33	  181.35	286.382502	  208.15	   -9.96e+09	   -1.94e+10	   1.678e+10	  0.754384	  0.575707	  0.755033	 -0.610592	 -0.238961	  0.220667	 -0.106559	  0.969511	  0.617439	  0.784743	 -0.054282	2.429361e+15	-3.136171e+15	0.000000e+00	0.000000e+00	0.000000e+00
105.2312	       158	1.283934e+11	      304.71	       88.69	  176.44	263.236450	  204.40	  -1.707e+10	  -2.101e+10	   1.507e+10	  0.870038	  0.648051	  0.668709	 -0.646602	 -0.367062	  0.373806	 -0.134384	  0.917720	  0.642727	  0.750897	 -0.151839	2.682200e+15	-3.446492e+15	0.000000e+00	0.000000e+00	0.000000e+00
127.2961	       179	1.454584e+11	      195.02	       52.59	  170.75	241.483466	  201.26	   -1.42e+10	   -2.33e+10	   1.755e+10	  0.878991	  0.691384	  0.647255	 -0.640790	 -0.412855	  0.432502	 -0.137275	  0.891121	  0.627696	  0.755344	 -0.188291	2.945903e+15	-3.721720e+15	0.000000e+00	0.000000e+00	0.000000e+00
-10.4816	         4	3.250467e+09	     7806.21	     7806.21	   88.95	382.346516	  197.19	  -2.499e+08	  -2.637e+08	   2.917e+07	  0.000000	  0.000000	  0.000000	  0.000000	  0.000000	  0.000000	  0.000000	  0.000000	  0.000000	  0.000000	  0.000000	6.319822e+13	-1.367037e+14	0.000000e+00	0.000000e+00	0.000000e+00
-14.1088	         8	6.500934e+09	     6401.64	     5425.44	  108.43	373.080321	  193.01	  -3.793e+08	   -3.52e+08	  -2.736e+08	  0.000000	  0.000000	  0.000000	  0.000000	  0.000000	  0.000000	  0.000000	  0.000000	  0.000000	  0.000000	  0.000000	1.210870e+14	-2.532122e+14	0.000000e+00	0.000000e+00	0.000000e+00
-18.9910	        18	1.462710e+10	     5906.02	     5561.55	  140.18	363.032423	  197.75	  -6.743e+08	  -8.885e+08	  -7.619e+08	  0.847378	  0.741001	  0.073468	  0.894268	  0.441461	  0.916538	 -0.235041	  0.323594	 -0.393141	 -0.380842	  0.836899	2.859929e+14	-5.293708e+14	0.000000e+00	0.000000e+00	0.000000e+00
-25.5628	        26	2.112804e+10	     3497.97	     1824.34	  145.22	347.272666	  204.26	   1.446e+09	  -4.631e+08	  -1.905e+09	  0.805453	  0.661277	  0.051022	  0.987729	  0.147610	  0.721251	 -0.138677	  0.678650	 -0.690792	 -0.071838	  0.719476	4.407720e+14	-7.304028e+14	0.000000e+00	0.000000e+00	0.000000e+00
-34.4087	        43	3.494252e+10	     2372.10	     1589.60	  160.96	327.295558	  202.60	   1.762e+09	   2.374e+08	  -5.269e+09	  0.819112	  0.625054	 -0.359714	  0.932041	  0.043652	  0.230046	  0.043251	  0.972218	  0.904259	  0.359763	 -0.229970	7.171711e+14	-1.117996e+15	0.000000e+00	0.000000e+00	0.000000e+00
 46.3156	        63	5.119486e+10	     1425.03	      766.81	  167.93	302.656267	  191.64	   1.949e+09	   6.477e+08	  -4.475e+09	  0.762251	  0.607695	 -0.392298	  0.876289	  0.279679	  0.245180	 -0.193437	  0.949984	  0.886560	  0.441248	 -0.138963	9.401352e+14	-1.515317e+15	0.000000e+00	0.000000e+00	0.000000e+00
 62.3429	        86	6.988504e+10	      797.64	      361.58	  169.12	272.774192	  186.55	   1.776e+09	  -4.369e+09	  -6.704e+09	  0.829928	  0.678045	 -0.354868	  0.899718	  0.254118	  0.208605	 -0.188757	  0.959612	  0.911347	  0.393545	 -0.120702	1.216081e+15	-1.902502e+15	0.000000e+00	0.000000e+00	0.000000e+00
 83.9164	       105	8.532476e+10	      399.32	      122.48	  161.07	240.467707	  180.72	   2.096e+09	  -1.174e+09	  -7.601e+09	  0.822009	  0.653816	 -0.297312	  0.930692	  0.213116	  0.448386	 -0.060963	  0.891759	  0.842945	  0.360688	 -0.399184	1.393392e+15	-2.157485e+15	0.000000e+00	0.000000e+00	0.000000e+00
112.9689	       120	9.751401e+10	      187.06	       39.62	  148.40	209.885547	  177.40	   2.311e+08	   1.933e+09	  -7.441e+09	  0.959851	  0.769506	  0.197042	  0.726569	  0.658234	 -0.402665	  0.672131	 -0.621370	  0.893888	  0.142612	 -0.425002	1.534476e+15	-2.314225e+15	0.000000e+00	0.000000e+00	0.000000e+00
-17.6583	         6	4.875701e+09	     2448.90	     2448.90	   83.93	304.286263	  102.48	  -6.096e+07	  -3.282e+07	    2.38e+08	  0.000000	  0.000000	  0.000000	  0.000000	  0.000000	  0.000000	  0.000000	  0.000000	  0.000000	  0.000000	  0.000000	2.560276e+13	-1.186029e+14	0.000000e+00	0.000000e+00	0.000000e+00
-22.6848	        11	8.938784e+09	     2117.65	     1821.91	  100.27	296.944695	  145.15	   8.281e+08	  -4.978e+07	    1.36e+09	  0.676750	  0.650561	 -0.100109	  0.906153	  0.410931	  0.084176	 -0.403812	  0.910961	  0.991409	  0.125786	 -0.035851	9.416649e+13	-2.103714e+14	0.000000e+00	0.000000e+00	0.000000e+00
-29.1422	        19	1.543972e+10	     1725.26	     1374.95	  116.26	285.228545	  166.87	  -1.175e+09	   1.024e+09	   6.547e+08	  0.873517	  0.747353	 -0.231856	  0.865039	 -0.444915	  0.311010	  0.499293	  0.808690	  0.921692	  0.049127	 -0.384800	2.149645e+14	-3.491405e+14	0.000000e+00	0.000000e+00	0.000000e+00
-37.4376	        29	2.356589e+10	     1242.05	      810.66	  126.73	273.524397	  161.15	  -2.002e+09	   2.273e+09	  -1.553e+09	  0.941513	  0.721433	  0.707955	  0.214321	 -0.672953	 -0.326521	  0.944221	 -0.042790	  0.626245	  0.250027	  0.738447	3.059968e+14	-5.072044e+14	0.000000e+00	0.000000e+00	0.000000e+00
 48.0944	        40	3.250467e+10	      808.06	      420.60	  131.31	258.787696	  160.56	  -2.801e+09	   1.307e+09	  -2.474e+09	  0.715326	  0.610512	  0.759123	 -0.644853	 -0.088869	 -0.300785	 -0.468561	  0.830650	  0.577287	  0.603835	  0.549657	4.189954e+14	-6.632126e+14	0.000000e+00	0.000000e+00	0.000000e+00
 61.7847	        57	4.631916e+10	      543.12	      306.60	  138.30	239.975222	  158.48	  -6.749e+09	   2.226e+09	  -4.666e+08	  0.755451	  0.591843	 -0.585207	  0.810675	  0.018402	 -0.515050	 -0.389138	  0.763737	  0.626304	  0.437466	  0.645265	5.816454e+14	-8.812128e+14	0.000000e+00	0.000000e+00	0.000000e+00
 79.3721	        74	6.013364e+10	      332.58	      144.61	  139.03	217.462883	  154.07	  -7.971e+09	   2.469e+09	   -1.96e+09	  0.647419	  0.564547	 -0.530231	  0.825113	  0.195050	 -0.422000	 -0.456363	  0.783357	  0.735372	  0.333049	  0.590175	7.136860e+14	-1.063207e+15	0.000000e+00	0.000000e+00	0.000000e+00
101.9792	        94	7.638598e+10	      199.19	       80.19	  138.24	195.515926	  151.17	   -8.21e+09	   2.595e+07	  -5.229e+09	  0.681662	  0.610658	 -0.541959	  0.757789	  0.363369	  0.363975	 -0.178075	  0.914227	  0.757498	  0.627731	 -0.179307	8.727442e+14	-1.236692e+15	0.000000e+00	0.000000e+00	0.000000e+00
-20.7386	         5	4.063084e+09	     1259.80	     1259.80	   70.70	283.275954	  109.20	   -5.47e+08	   6.389e+08	   1.356e+08	  0.000000	  0.000000	  0.000000	  0.000000	  0.000000	  0.000000	  0.000000	  0.000000	  0.000000	  0.000000	  0.000000	2.422704e+13	-8.759422e+13	0.000000e+00	0.000000e+00	0.000000e+00
-25.9955	         9	7.313551e+09	     1151.37	     1039.52	   84.72	278.472405	  122.26	  -1.385e+09	   9.761e+08	  -7.515e+07	  0.000000	  0.000000	  0.000000	  0.000000	  0.000000	  0.000000	  0.000000	  0.000000	  0.000000	  0.000000	  0.000000	5.466082e+13	-1.515890e+14	0.000000e+00	0.000000e+00	0.000000e+00
-32.5851	        21	1.706495e+10	     1364.05	     1583.41	  115.59	270.116642	  147.87	  -5.622e+08	    2.08e+09	   1.282e+09	  0.665128	  0.385711	  0.665305	  0.732623	 -0.143638	  0.728224	 -0.679222	 -0.091361	  0.164496	  0.043818	  0.985404	1.865557e+14	-3.355324e+14	0.000000e+00	0.000000e+00	0.000000e+00
-40.8451	        29	2.356589e+10	      956.42	      535.97	  121.33	258.666110	  164.13	  -8.021e+08	   2.171e+09	   3.818e+09	  0.966927	  0.443267	  0.060429	  0.987918	 -0.142714	  0.990334	 -0.077221	 -0.115222	  0.124850	  0.134372	  0.983034	3.174293e+14	-4.482833e+14	0.000000e+00	0.000000e+00	0.000000e+00
 51.1988	        38	3.087944e+10	      636.31	      306.15	  124.05	244.988146	  168.75	  -1.121e+09	   2.321e+09	   2.641e+09	  0.811751	  0.461307	 -0.272335	  0.951167	 -0.145313	  0.961589	  0.263649	 -0.076386	  0.034344	  0.160534	  0.986433	4.396655e+14	-5.636421e+14	0.000000e+00	0.000000e+00	0.000000e+00
 64.1771	        57	4.631916e+10	      484.62	      328.16	  135.70	228.562825	  160.31	   -7.58e+08	   7.656e+08	   1.746e+09	  0.888216	  0.686449	 -0.279276	  0.953953	 -0.109444	  0.922487	  0.234921	 -0.306316	  0.266501	  0.186507	  0.945617	5.951732e+14	-7.835897e+14	0.000000e+00	0.000000e+00	0.000000e+00
 80.4453	        73	5.932102e+10	      315.13	      140.31	  137.16	210.061822	  158.52	  -4.497e+09	  -1.599e+09	  -1.031e+09	  0.738634	  0.661546	 -0.373048	  0.923418	  0.090191	 -0.618977	 -0.320109	  0.717215	  0.691160	  0.211729	  0.690991	7.452973e+14	-9.382605e+14	0.000000e+00	0.000000e+00	0.000000e+00
100.8508	        87	7.069766e+10	      190.61	       62.28	  133.74	189.144798	  156.74	  -1.795e+09	  -4.219e+09	  -4.593e+08	  0.791904	  0.745205	 -0.498240	  0.737361	  0.456130	 -0.693954	 -0.654520	  0.300051	  0.519792	 -0.167036	  0.837804	8.684402e+14	-1.052495e+15	0.000000e+00	0.000000e+00	0.000000e+00
-13.3920	         6	4.875701e+09	     5614.14	     5614.14	   96.38	298.744115	  106.32	  -1.392e+07	   1.527e+08	    1.96e+06	  0.000000	  0.000000	  0.000000	  0.000000	  0.000000	  0.000000	  0.000000	  0.000000	  0.000000	  0.000000	  0.000000	2.755958e+13	-1.169486e+14	0.000000e+00	0.000000e+00	0.000000e+00
-17.8476	        10	8.126168e+09	     3953.04	     2737.91	  107.78	290.123844	  117.66	   6.955e+08	    1.98e+08	  -5.053e+08	  0.000000	  0.000000	  0.000000	  0.000000	  0.000000	  0.000000	  0.000000	  0.000000	  0.000000	  0.000000	  0.000000	5.625100e+13	-1.876675e+14	0.000000e+00	0.000000e+00	0.000000e+00
-23.7855	        14	1.137663e+10	     2338.08	     1156.70	  110.47	283.226590	  118.53	  -3.134e+07	   3.156e+07	  -7.084e+08	  0.816627	  0.439909	  0.003132	 -0.244137	  0.969736	 -0.244697	  0.940073	  0.237459	  0.969595	  0.238035	  0.056796	7.991244e+13	-2.539167e+14	0.000000e+00	0.000000e+00	0.000000e+00
-31.6990	        23	1.869019e+10	     1622.78	     1099.52	  122.65	267.902778	  133.82	   6.255e+08	  -1.762e+08	   8.953e+07	  0.803172	  0.439619	  0.079684	 -0.194851	  0.977591	 -0.386406	  0.897991	  0.210482	  0.918880	  0.394519	  0.003736	1.673570e+14	-3.930424e+14	0.000000e+00	0.000000e+00	0.000000e+00
-42.2454	        34	2.762897e+10	     1013.47	      567.74	  129.18	248.463284	  134.41	   6.759e+08	  -1.327e+09	  -8.685e+07	  0.945034	  0.551707	 -0.003836	  0.453869	  0.891060	  0.142289	  0.882248	 -0.448767	  0.989818	 -0.125067	  0.067964	2.495622e+14	-5.442531e+14	0.000000e+00	0.000000e+00	0.000000e+00
 56.3005	        41	3.331729e+10	      516.31	      152.64	  122.88	232.013953	  131.41	   1.908e+09	  -1.918e+09	   4.485e+08	  0.839070	  0.525397	 -0.148921	  0.220700	  0.963906	 -0.034456	  0.973025	 -0.228111	  0.988249	  0.067183	  0.137300	2.876878e+14	-6.254284e+14	0.000000e+00	0.000000e+00	0.000000e+00
 75.0319	        62	5.038224e+10	      329.85	      193.45	  130.89	211.309429	  131.55	   5.057e+09	  -5.176e+09	  -1.153e+09	  0.849225	  0.533654	 -0.010176	  0.758333	  0.651788	  0.170891	 -0.640913	  0.748349	  0.985237	  0.119000	 -0.123070	4.359112e+14	-8.351780e+14	0.000000e+00	0.000000e+00	0.000000e+00
100.0088	        83	6.744719e+10	      186.48	       81.67	  131.17	185.521625	  133.66	   3.856e+09	  -3.071e+09	  -4.082e+09	  0.923293	  0.640863	  0.160106	 -0.015387	  0.986980	 -0.273479	  0.960046	  0.059330	  0.948459	  0.279418	 -0.149501	6.024283e+14	-1.008221e+15	0.000000e+00	0.000000e+00	0.000000e+00
-13.6466	         9	7.313551e+09	     7958.67	     7958.67	  116.93	277.088579	   89.67	  -1.529e+08	   4.455e+07	   -1.71e+08	  0.000000	  0.000000	  0.000000	  0.000000	  0.000000	  0.000000	  0.000000	  0.000000	  0.000000	  0.000000	  0.000000	2.940563e+13	-1.576083e+14	0.000000e+00	0.000000e+00	0.000000e+00
-18.1791	        10	8.126168e+09	     3740.66	      648.31	  106.79	272.103003	   95.03	   5.423e+07	   7.581e+07	  -1.746e+08	  0.000000	  0.000000	  0.000000	  0.000000	  0.000000	  0.000000	  0.000000	  0.000000	  0.000000	  0.000000	  0.000000	3.669164e+13	-1.726499e+14	0.000000e+00	0.000000e+00	0.000000e+00
-24.2171	        13	1.056402e+10	     2057.04	      822.72	  105.50	257.014885	  103.03	   6.679e+08	   3.762e+08	  -2.088e+08	  0.879510	  0.593015	 -0.157286	  0.325723	  0.932291	  0.537485	  0.820207	 -0.195885	  0.828475	 -0.470283	  0.304078	5.606488e+13	-2.150404e+14	0.000000e+00	0.000000e+00	0.000000e+00
-32.2606	        15	1.218925e+10	     1004.02	      232.01	   98.18	251.892114	  104.38	   5.891e+08	   6.244e+08	  -2.334e+08	  0.751774	  0.710360	  0.386724	 -0.437842	  0.811627	 -0.134471	  0.843923	  0.519338	  0.912339	  0.309981	 -0.267488	6.639976e+13	-2.412456e+14	0.000000e+00	0.000000e+00	0.000000e+00
-42.9757	        25	2.031542e+10	      707.85	      490.72	  109.82	237.618470	  112.00	   5.053e+08	   1.319e+09	  -9.811e+08	  0.921346	  0.520255	 -0.104942	  0.109932	  0.988384	  0.904954	 -0.401557	  0.140747	  0.412365	  0.909212	 -0.057343	1.274252e+14	-3.626741e+14	0.000000e+00	0.000000e+00	0.000000e+00
 57.2496	        34	2.762897e+10	      407.22	      186.82	  110.96	224.758726	  120.06	  -5.811e+08	  -1.638e+09	   -1.11e+09	  0.850315	  0.701531	  0.516283	 -0.087528	  0.851934	 -0.090449	  0.983627	  0.155872	  0.851628	  0.157531	 -0.499913	1.991136e+14	-4.604085e+14	0.000000e+00	0.000000e+00	0.000000e+00
 76.2645	        55	4.469392e+10	      278.65	      184.40	  122.28	205.416781	  124.99	  -1.378e+09	  -1.239e+09	  -1.838e+09	  0.785018	  0.660174	  0.117416	 -0.448618	  0.885977	 -0.083580	  0.884519	  0.458956	  0.989559	  0.127939	 -0.066361	3.490959e+14	-6.590720e+14	0.000000e+00	0.000000e+00	0.000000e+00
101.6086	        82	6.663457e+10	      175.67	      100.22	  129.35	182.943081	  134.65	   5.931e+09	  -1.063e+10	  -3.632e+09	  0.602252	  0.552344	  0.299700	 -0.414705	  0.859186	 -0.898870	  0.179052	  0.399966	  0.319706	  0.892166	  0.319104	6.040442e+14	-8.682662e+14	0.000000e+00	0.000000e+00	0.000000e+00
-17.3048	         6	4.875701e+09	     2602.08	     2602.08	   84.79	282.862774	  136.46	   1.608e+07	   -4.14e+08	    2.04e+07	  0.000000	  0.000000	  0.000000	  0.000000	  0.000000	  0.000000	  0.000000	  0.000000	  0.000000	  0.000000	  0.000000	4.539873e+13	-1.043326e+14	0.000000e+00	0.000000e+00	0.000000e+00
-22.1391	         7	5.688317e+09	     1449.73	      396.41	   80.97	280.886742	  136.02	  -7.248e+07	  -6.265e+07	  -1.147e+08	  0.000000	  0.000000	  0.000000	  0.000000	  0.000000	  0.000000	  0.000000	  0.000000	  0.000000	  0.000000	  0.000000	5.262312e+13	-1.203609e+14	0.000000e+00	0.000000e+00	0.000000e+00
-28.3239	        11	8.938784e+09	     1087.93	      757.23	   89.73	276.972492	  127.28	   1.066e+08	  -9.108e+08	  -5.206e+08	  0.924373	  0.515583	 -0.319726	 -0.051792	  0.946094	  0.693039	 -0.693678	  0.196234	  0.646121	  0.718421	  0.257681	7.240397e+13	-1.833769e+14	0.000000e+00	0.000000e+00	0.000000e+00
-36.2365	        23	1.869019e+10	     1086.32	     1084.85	  114.72	266.281898	  149.22	   9.163e+08	  -7.886e+08	    1.11e+09	  0.701385	  0.609696	  0.447391	  0.630910	 -0.633873	  0.884854	 -0.209315	  0.416198	  0.129904	 -0.747088	 -0.651909	2.080883e+14	-3.640975e+14	0.000000e+00	0.000000e+00	0.000000e+00
 46.3595	        41	3.331729e+10	      924.77	      777.10	  135.41	250.596784	  141.60	   1.485e+07	   2.587e+08	   3.155e+09	  0.719828	  0.589521	  0.418500	  0.696625	 -0.582727	  0.679741	  0.185278	  0.709665	  0.602337	 -0.693098	 -0.395986	3.340317e+14	-6.116590e+14	0.000000e+00	0.000000e+00	0.000000e+00
 59.3106	        55	4.469392e+10	      592.42	      288.64	  138.66	231.541996	  140.10	  -1.744e+09	  -1.175e+09	   2.292e+09	  0.855116	  0.578550	  0.344150	  0.629847	 -0.696315	  0.806002	  0.182202	  0.563172	 -0.481582	  0.755047	  0.444953	4.386189e+14	-7.759312e+14	0.000000e+00	0.000000e+00	0.000000e+00
 75.8797	        73	5.932102e+10	      375.50	      177.22	  141.23	207.307449	  142.92	  -2.604e+09	  -1.308e+09	   6.779e+09	  0.903432	  0.632378	  0.256869	  0.758260	 -0.599217	  0.691696	  0.288779	  0.661939	  0.674963	 -0.584507	 -0.450307	6.058851e+14	-9.597519e+14	0.000000e+00	0.000000e+00	0.000000e+00
 97.0911	        81	6.582196e+10	      198.89	       37.58	  131.52	186.006557	  140.12	  -3.512e+09	  -2.489e+09	   7.561e+09	  0.872498	  0.554701	  0.564016	  0.794169	 -0.226232	  0.504852	 -0.114831	  0.855534	  0.653460	 -0.596749	 -0.465704	6.461793e+14	-1.022075e+15	0.000000e+00	0.000000e+00	0.000000e+00
-23.7605	         6	4.875701e+09	     1005.20	     1005.20	   72.36	249.272824	   90.74	  -3.989e+08	  -1.148e+08	  -2.902e+08	  0.000000	  0.000000	  0.000000	  0.000000	  0.000000	  0.000000	  0.000000	  0.000000	  0.000000	  0.000000	  0.000000	2.007307e+13	-7.817292e+13	0.000000e+00	0.000000e+00	0.000000e+00
-28.9321	         9	7.313551e+09	      835.16	      624.03	   80.31	247.587025	  112.16	  -5.968e+08	  -4.566e+08	  -3.083e+08	  0.000000	  0.000000	  0.000000	  0.000000	  0.000000	  0.000000	  0.000000	  0.000000	  0.000000	  0.000000	  0.000000	4.600459e+13	-1.157102e+14	0.000000e+00	0.000000e+00	0.000000e+00
-35.2294	        10	8.126168e+09	      513.99	      115.22	   76.71	242.444423	  118.14	  -8.182e+08	  -6.018e+08	  -7.041e+08	  0.000000	  0.000000	  0.000000	  0.000000	  0.000000	  0.000000	  0.000000	  0.000000	  0.000000	  0.000000	  0.000000	5.670648e+13	-1.276515e+14	0.000000e+00	0.000000e+00	0.000000e+00
-42.8974	        21	1.706495e+10	      597.85	      701.98	  100.75	234.122203	  122.68	    2.27e+08	   -1.07e+09	  -2.739e+09	  0.868792	  0.681098	  0.422489	  0.811305	 -0.404089	  0.890317	 -0.455013	  0.017310	  0.169822	  0.367080	  0.914556	1.284260e+14	-2.555323e+14	0.000000e+00	0.000000e+00	0.000000e+00
 52.2344	        33	2.681635e+10	      520.37	      424.17	  114.45	225.791253	  120.30	   8.044e+08	  -1.685e+09	  -2.546e+09	  0.926712	  0.678939	  0.261518	  0.926350	 -0.271079	  0.932760	 -0.314757	 -0.175748	  0.248128	  0.206890	  0.946377	1.940581e+14	-3.854524e+14	0.000000e+00	0.000000e+00	0.000000e+00
 63.6036	        49	3.981822e+10	      427.97	      313.26	  126.38	210.458617	  122.56	  -7.864e+08	   8.258e+08	  -2.121e+09	  0.846327	  0.685314	  0.890517	  0.278860	 -0.359467	  0.454225	 -0.589584	  0.667885	  0.025689	  0.758042	  0.651699	2.990711e+14	-5.418102e+14	0.000000e+00	0.000000e+00	0.000000e+00
 77.4475	        63	5.119486e+10	      304.78	      151.82	  129.87	195.815426	  126.11	   -2.18e+09	  -2.529e+09	  -3.651e+09	  0.752119	  0.581494	  0.747135	  0.433892	 -0.503515	 -0.603622	  0.760066	 -0.240707	  0.278264	  0.483773	  0.829779	4.071262e+14	-6.588130e+14	0.000000e+00	0.000000e+00	0.000000e+00
 94.3181	        74	6.013364e+10	      198.20	       66.01	  127.54	180.382650	  126.92	  -3.125e+09	  -2.425e+09	  -7.502e+09	  0.717433	  0.564509	  0.761004	  0.382398	 -0.524065	 -0.428985	  0.902607	  0.035675	  0.486667	  0.197667	  0.850931	4.843719e+14	-7.360230e+14	0.000000e+00	0.000000e+00	0.000000e+00
-10.3133	         5	4.063084e+09	    10243.26	    10243.26	  100.26	312.269856	  121.82	  -2.044e+08	   6.082e+07	  -4.547e+06	  0.000000	  0.000000	  0.000000	  0.000000	  0.000000	  0.000000	  0.000000	  0.000000	  0.000000	  0.000000	  0.000000	3.014710e+13	-1.063980e+14	0.000000e+00	0.000000e+00	0.000000e+00
-14.1622	         9	7.313551e+09	     7120.62	     5155.91	  114.79	296.188401	  133.21	  -6.703e+08	   -1.15e+07	   -4.18e+07	  0.000000	  0.000000	  0.000000	  0.000000	  0.000000	  0.000000	  0.000000	  0.000000	  0.000000	  0.000000	  0.000000	6.488467e+13	-1.811290e+14	0.000000e+00	0.000000e+00	0.000000e+00
-19.4474	        13	1.056402e+10	     3972.15	     1991.19	  117.73	287.206951	  157.26	  -3.948e+08	  -9.572e+07	  -5.092e+08	  0.564864	  0.512736	 -0.545357	 -0.246680	  0.801084	 -0.575697	  0.804870	 -0.144074	  0.609228	  0.539753	  0.580954	1.306237e+14	-2.501448e+14	0.000000e+00	0.000000e+00	0.000000e+00
-26.7050	        21	1.706495e+10	     2478.04	     1537.97	  127.69	270.821835	  155.66	   -4.67e+08	   4.209e+08	  -9.547e+08	  0.938101	  0.793400	  0.947597	  0.281438	  0.151172	 -0.241605	  0.940922	 -0.237259	 -0.209015	  0.188302	  0.959612	2.067358e+14	-3.748634e+14	0.000000e+00	0.000000e+00	0.000000e+00
-36.6711	        30	2.437850e+10	     1367.15	      668.20	  130.24	252.675371	  155.94	   8.466e+07	  -2.418e+07	   1.156e+08	  0.651097	  0.515502	  0.214760	  0.846674	 -0.486849	  0.927674	 -0.020939	  0.372804	  0.305450	 -0.531700	 -0.789934	2.963955e+14	-4.994994e+14	0.000000e+00	0.000000e+00	0.000000e+00
 50.3564	        46	3.738037e+10	      809.58	      458.77	  137.62	226.097561	  150.50	  -8.859e+08	   7.347e+08	   6.222e+08	  0.777286	  0.505517	  0.365350	  0.727000	 -0.581369	  0.876001	 -0.479769	 -0.049444	  0.314869	  0.491216	  0.812136	4.233209e+14	-6.834557e+14	0.000000e+00	0.000000e+00	0.000000e+00
 69.1490	        58	4.713177e+10	      394.22	      132.88	  131.87	200.532935	  147.15	  -4.459e+07	   1.048e+09	  -6.511e+08	  0.779311	  0.541061	  0.555130	  0.702691	 -0.445035	 -0.826299	  0.404670	 -0.391756	 -0.095191	  0.585207	  0.805277	5.102444e+14	-7.937564e+14	0.000000e+00	0.000000e+00	0.000000e+00
 94.9683	        72	5.850841e+10	      188.91	       59.83	  125.37	177.318111	  142.02	  -1.573e+08	  -2.366e+09	  -4.873e+09	  0.629106	  0.484586	  0.154031	  0.821806	 -0.548552	  0.985231	 -0.169774	  0.022304	  0.074801	  0.543886	  0.835819	5.900880e+14	-8.960432e+14	0.000000e+00	0.000000e+00	0.000000e+00
-10.6556	         5	4.063084e+09	     9287.70	     9287.70	   98.63	265.782379	   85.18	   1.096e+08	  -1.081e+07	  -9.716e+07	  0.000000	  0.000000	  0.000000	  0.000000	  0.000000	  0.000000	  0.000000	  0.000000	  0.000000	  0.000000	  0.000000	1.473917e+13	-7.980689e+13	0.000000e+00	0.000000e+00	0.000000e+00
-15.3241	         6	4.875701e+09	     3747.06	      940.81	   90.10	263.698451	   80.65	   9.484e+07	   7.275e+07	  -1.121e+08	  0.000000	  0.000000	  0.000000	  0.000000	  0.000000	  0.000000	  0.000000	  0.000000	  0.000000	  0.000000	  0.000000	1.585562e+13	-9.393360e+13	0.000000e+00	0.000000e+00	0.000000e+00
-22.0382	        10	8.126168e+09	     2099.62	     1265.22	   96.99	245.010332	  108.90	   1.403e+08	   7.115e+08	  -1.567e+08	  0.000000	  0.000000	  0.000000	  0.000000	  0.000000	  0.000000	  0.000000	  0.000000	  0.000000	  0.000000	  0.000000	4.818460e+13	-1.463307e+14	0.000000e+00	0.000000e+00	0.000000e+00
-31.6939	        12	9.751401e+09	      847.08	      212.68	   88.60	239.012687	  114.88	   -1.88e+08	   4.485e+08	   1.589e+08	  0.637739	  0.537527	  0.987549	  0.048494	 -0.149653	  0.130036	  0.283745	  0.950042	 -0.088534	  0.957673	 -0.273906	6.434856e+13	-1.699043e+14	0.000000e+00	0.000000e+00	0.000000e+00
-45.5801	        23	1.869019e+10	      545.85	      393.28	  102.28	224.658794	  129.07	   -6.33e+07	   1.436e+09	   9.111e+08	  0.918262	  0.763110	  0.933480	  0.146329	 -0.327417	 -0.012702	  0.925888	  0.377584	  0.358403	 -0.348309	  0.866157	1.556797e+14	-2.889018e+14	0.000000e+00	0.000000e+00	0.000000e+00
 65.5503	        47	3.819299e+10	      375.01	      288.48	  121.92	205.893826	  135.74	   1.852e+09	    1.91e+09	  -1.123e+09	  0.901332	  0.587411	  0.896911	 -0.442183	 -0.004948	  0.405199	  0.817310	  0.409656	 -0.177099	 -0.369430	  0.912227	3.518459e+14	-5.137672e+14	0.000000e+00	0.000000e+00	0.000000e+00
 94.2838	        71	5.769579e+10	      190.38	       96.93	  124.95	176.720560	  129.75	  -7.089e+08	  -3.632e+09	  -5.305e+08	  0.690938	  0.545904	  0.865281	 -0.442167	  0.236171	  0.330567	  0.857480	  0.394275	 -0.376848	 -0.263088	  0.888127	4.856619e+14	-6.917328e+14	0.000000e+00	0.000000e+00	0.000000e+00
-16.1485	         6	4.875701e+09	     3201.99	     3201.99	   87.77	264.961489	  118.90	   1.367e+08	   3.366e+07	   1.528e+08	  0.000000	  0.000000	  0.000000	  0.000000	  0.000000	  0.000000	  0.000000	  0.000000	  0.000000	  0.000000	  0.000000	3.446610e+13	-9.071554e+13	0.000000e+00	0.000000e+00	0.000000e+00
-21.5970	         9	7.313551e+09	     2007.84	     1150.05	   92.95	259.241505	  120.69	   1.742e+08	  -1.641e+08	   1.416e+07	  0.000000	  0.000000	  0.000000	  0.000000	  0.000000	  0.000000	  0.000000	  0.000000	  0.000000	  0.000000	  0.000000	5.326270e+13	-1.323545e+14	0.000000e+00	0.000000e+00	0.000000e+00
-28.8838	        14	1.137663e+10	     1305.67	      801.28	  100.25	246.909265	  119.38	   1.042e+09	  -5.123e+08	   3.915e+08	  0.648737	  0.486946	 -0.272716	 -0.160500	  0.948613	  0.650299	  0.695897	  0.304696	 -0.709040	  0.699977	 -0.085409	8.106943e+13	-1.974916e+14	0.000000e+00	0.000000e+00	0.000000e+00
-38.6291	        23	1.869019e+10	      896.71	      602.94	  111.11	232.625840	  119.81	   1.043e+09	   6.436e+08	   1.313e+09	  0.900250	  0.649215	 -0.544369	  0.611981	  0.573708	  0.132660	 -0.612512	  0.779250	  0.828289	  0.500308	  0.252248	1.341416e+14	-3.030300e+14	0.000000e+00	0.000000e+00	0.000000e+00
 51.6624	        35	2.844159e+10	      570.44	      336.07	  118.52	217.334043	  121.67	   5.191e+08	    7.18e+08	   1.596e+09	  0.661293	  0.599318	 -0.170121	 -0.036147	  0.984760	 -0.184016	  0.982914	  0.004290	  0.968089	  0.180482	  0.173866	2.105221e+14	-4.263841e+14	0.000000e+00	0.000000e+00	0.000000e+00
 69.0931	        51	4.144345e+10	      347.48	      187.32	  123.71	196.837879	  120.47	   7.769e+08	  -2.726e+09	   1.488e+09	  0.734731	  0.662243	 -0.347234	  0.132855	  0.928320	  0.921343	  0.232848	  0.311301	 -0.174799	  0.963396	 -0.203258	3.007310e+14	-5.642158e+14	0.000000e+00	0.000000e+00	0.000000e+00
 92.4185	        68	5.525794e+10	      193.60	       83.14	  123.51	174.683564	  121.34	  -6.994e+08	  -1.613e+09	   2.589e+09	  0.781223	  0.676156	 -0.575506	  0.115449	  0.809608	  0.792581	 -0.165207	  0.586960	  0.201516	  0.979479	  0.003575	4.067850e+14	-6.851127e+14	0.000000e+00	0.000000e+00	0.000000e+00
-16.9457	         4	3.250467e+09	     1847.35	     1847.35	   69.96	250.043637	   93.52	   2.503e+08	   2.109e+08	  -7.533e+06	  0.000000	  0.000000	  0.000000	  0.000000	  0.000000	  0.000000	  0.000000	  0.000000	  0.000000	  0.000000	  0.000000	1.421411e+13	-5.310720e+13	0.000000e+00	0.000000e+00	0.000000e+00
-22.4421	         7	5.688317e+09	     1391.79	     1047.40	   80.42	244.188028	  120.09	   3.089e+08	   3.233e+08	  -7.132e+08	  0.000000	  0.000000	  0.000000	  0.000000	  0.000000	  0.000000	  0.000000	  0.000000	  0.000000	  0.000000	  0.000000	4.101953e+13	-8.979151e+13	0.000000e+00	0.000000e+00	0.000000e+00
-29.7214	        13	1.056402e+10	     1112.77	      901.84	   95.23	236.051867	  118.26	   2.477e+08	  -4.475e+08	  -4.178e+08	  0.937729	  0.624598	 -0.676778	  0.380719	  0.630099	  0.180066	 -0.744291	  0.643123	  0.713826	  0.548711	  0.435165	7.386795e+13	-1.596400e+14	0.000000e+00	0.000000e+00	0.000000e+00
-39.3617	        21	1.706495e+10	      773.87	      517.67	  105.17	223.546538	  121.27	   9.678e+08	   1.104e+08	  -7.455e+07	  0.815675	  0.751619	 -0.622792	  0.103596	  0.775499	  0.763483	  0.297048	  0.573460	 -0.170952	  0.949226	 -0.264093	1.254792e+14	-2.446479e+14	0.000000e+00	0.000000e+00	0.000000e+00
 52.1289	        30	2.437850e+10	      475.94	      250.72	  109.23	209.576096	  116.04	   -1.95e+08	  -1.508e+09	  -3.861e+08	  0.808507	  0.745146	 -0.107311	  0.652515	  0.750139	 -0.340118	  0.684881	 -0.644405	  0.934240	  0.324287	 -0.148437	1.641404e+14	-3.286995e+14	0.000000e+00	0.000000e+00	0.000000e+00
 69.0372	        54	4.388131e+10	      368.82	      287.84	  127.35	189.345239	  119.16	  -4.947e+08	   9.309e+08	  -1.561e+09	  0.671793	  0.609254	  0.614967	 -0.212012	  0.759517	  0.224194	 -0.876422	 -0.426171	  0.756011	  0.432360	 -0.491439	3.115388e+14	-5.241653e+14	0.000000e+00	0.000000e+00	0.000000e+00
 91.4435	        61	4.956962e+10	      179.28	       36.11	  117.60	166.328245	  120.89	  -1.978e+09	   4.356e+08	  -1.895e+09	  0.672357	  0.633158	  0.576139	 -0.139237	  0.805405	  0.450181	 -0.768394	 -0.454871	  0.682203	  0.624647	 -0.380020	3.622252e+14	-5.689766e+14	0.000000e+00	0.000000e+00	0.000000e+00
 -9.4665	         6	4.875701e+09	    15894.42	    15894.42	  114.63	257.509966	   87.44	  -1.344e+08	   9.714e+07	  -1.454e+07	  0.000000	  0.000000	  0.000000	  0.000000	  0.000000	  0.000000	  0.000000	  0.000000	  0.000000	  0.000000	  0.000000	1.864020e+13	-9.736032e+13	0.000000e+00	0.000000e+00	0.000000e+00
-13.7434	         7	5.688317e+09	     6060.14	     1286.01	  102.76	251.296056	   92.92	  -2.546e+08	   1.218e+08	   7.201e+07	  0.000000	  0.000000	  0.000000	  0.000000	  0.000000	  0.000000	  0.000000	  0.000000	  0.000000	  0.000000	  0.000000	2.455653e+13	-1.101895e+14	0.000000e+00	0.000000e+00	0.000000e+00
-19.9525	         8	6.500934e+09	     2263.42	      420.28	   91.18	242.432811	  101.20	  -4.241e+08	    1.55e+08	   4.975e+07	  0.000000	  0.000000	  0.000000	  0.000000	  0.000000	  0.000000	  0.000000	  0.000000	  0.000000	  0.000000	  0.000000	3.329218e+13	-1.221296e+14	0.000000e+00	0.000000e+00	0.000000e+00
-28.9668	        12	9.751401e+09	     1109.55	      549.40	   92.68	226.686691	  102.99	  -1.433e+08	   2.746e+07	   1.038e+09	  0.883829	  0.316490	  0.114883	  0.987284	 -0.109875	 -0.666246	  0.158620	  0.728668	  0.736830	 -0.010508	  0.675996	5.171181e+13	-1.665012e+14	0.000000e+00	0.000000e+00	0.000000e+00
-42.0536	        21	1.706495e+10	      634.57	      403.98	  101.75	215.610664	  115.64	   5.149e+07	   1.999e+09	   4.214e+08	  0.839218	  0.536741	  0.441007	  0.670170	 -0.596980	  0.779114	 -0.616052	 -0.116025	  0.445527	  0.413947	  0.793822	1.141000e+14	-2.561076e+14	0.000000e+00	0.000000e+00	0.000000e+00
 61.0529	        38	3.087944e+10	      375.26	      249.38	  113.60	195.092423	  121.81	   1.025e+09	  -9.498e+08	    9.23e+08	  0.771115	  0.718616	  0.321349	  0.896891	 -0.303843	 -0.307941	  0.402396	  0.862119	  0.895493	 -0.183476	  0.405499	2.290805e+14	-4.024506e+14	0.000000e+00	0.000000e+00	0.000000e+00
 88.6493	        60	4.875701e+10	      193.55	      105.40	  118.46	167.539180	  125.47	  -2.993e+09	  -7.864e+08	  -5.169e+08	  0.820682	  0.667838	  0.058997	 -0.651520	  0.756334	  0.596351	  0.630602	  0.496695	  0.800553	 -0.421738	 -0.425738	3.838093e+14	-5.504370e+14	0.000000e+00	0.000000e+00	0.000000e+00
-14.7699	         6	4.875701e+09	     4184.90	     4184.90	   91.77	262.333890	  112.25	   5.657e+07	  -4.263e+07	   3.542e+08	  0.000000	  0.000000	  0.000000	  0.000000	  0.000000	  0.000000	  0.000000	  0.000000	  0.000000	  0.000000	  0.000000	3.071453e+13	-9.545126e+13	0.000000e+00	0.000000e+00	0.000000e+00
-19.7091	        12	9.751401e+09	     3522.48	     3041.12	  112.35	247.334915	  132.12	  -3.231e+08	   2.608e+08	   2.441e+08	  0.601942	  0.460920	  0.166277	 -0.159370	  0.973115	  0.776840	 -0.586653	 -0.228817	  0.607348	  0.794002	  0.026258	8.511513e+13	-1.751627e+14	0.000000e+00	0.000000e+00	0.000000e+00
