#r(1)	npart(2)	M_in_r(3)	ovdens(4)	dens(5)	vcirc(6)	vesc(7)	sigv(8)	Lx(9)	Ly(10)	Lz(11)	b(12)	c(13)	Eax(14)	Eay(15)	Eaz(16)	Ebx(17)	Eby(18)	Ebz(19)	Ecx(20)	Ecy(21)	Ecz(22)	Ekin(23)	Epot(24)	M_gas(25)	M_star(26)	U_gas(27)	
 -2.0540	         5	4.063084e+09	   403312.70	   403312.70	   92.24	1310.007617	  200.20	   4.986e+08	   6.688e+07	  -5.162e+08	  0.000000	  0.000000	  0.000000	  0.000000	  0.000000	  0.000000	  0.000000	  0.000000	  0.000000	  0.000000	  0.000000	8.142833e+13	-1.747174e+15	0.000000e+00	0.000000e+00	0.000000e+00
 -2.6006	         9	7.313551e+09	   357665.42	   313335.88	  109.98	1308.557132	  247.06	  -1.389e+08	   3.605e+08	   -5.35e+07	  0.000000	  0.000000	  0.000000	  0.000000	  0.000000	  0.000000	  0.000000	  0.000000	  0.000000	  0.000000	  0.000000	2.232099e+14	-3.140357e+15	0.000000e+00	0.000000e+00	0.000000e+00
 -3.2927	        16	1.300187e+10	   313268.67	   270153.58	  130.31	1306.438660	  358.68	  -2.771e+07	   -9.08e+08	  -4.879e+08	  0.802912	  0.435987	  0.281685	  0.915519	  0.287190	  0.013662	 -0.303107	  0.952859	  0.959410	 -0.264483	 -0.097889	8.363432e+14	-5.569872e+15	0.000000e+00	0.000000e+00	0.000000e+00
 -4.1690	        22	1.787757e+10	   212218.00	   114084.46	  135.80	1302.594126	  375.98	   5.156e+08	  -3.008e+09	  -5.074e+08	  0.924103	  0.799385	  0.515428	  0.677613	  0.524570	 -0.838818	  0.273754	  0.470577	  0.175266	 -0.682568	  0.709495	1.263607e+15	-7.643863e+15	0.000000e+00	0.000000e+00	0.000000e+00
 -5.2785	        34	2.762897e+10	   161584.98	   112413.64	  150.04	1299.288131	  362.03	  -1.985e+09	  -6.852e+08	   1.632e+09	  0.901509	  0.739881	 -0.668123	  0.743904	 -0.014748	 -0.375149	 -0.319683	  0.870096	  0.642553	  0.586864	  0.492662	1.810610e+15	-1.176932e+16	0.000000e+00	0.000000e+00	0.000000e+00
 -6.6833	        47	3.819299e+10	   110048.08	    59998.95	  156.77	1295.377034	  372.74	  -4.411e+09	  -2.018e+09	   7.939e+09	  0.860790	  0.790199	  0.368892	 -0.024943	  0.929137	  0.834966	 -0.430284	 -0.343055	  0.408350	  0.902349	 -0.137902	2.653104e+15	-1.621308e+16	0.000000e+00	0.000000e+00	0.000000e+00
 -8.4619	        84	6.825981e+10	    96900.60	    84132.65	  186.26	1290.123223	  405.85	   1.788e+10	   -9.64e+09	   8.651e+09	  0.961774	  0.760847	  0.848659	 -0.331137	 -0.412464	  0.439793	  0.008506	  0.898059	  0.293872	  0.943544	 -0.152850	5.621737e+15	-2.877049e+16	0.000000e+00	0.000000e+00	0.000000e+00
-10.7139	       131	1.064528e+11	    74452.80	    52653.02	  206.72	1282.990751	  402.28	   3.066e+10	  -8.854e+09	    4.75e+09	  0.888573	  0.795573	  0.819053	  0.234676	  0.523526	 -0.555815	  0.098393	  0.825463	 -0.142205	  0.967081	 -0.211026	8.613676e+15	-4.457643e+16	0.000000e+00	0.000000e+00	0.000000e+00
-13.5652	       226	1.836514e+11	    63282.07	    52433.83	  241.30	1273.587934	  416.60	   5.202e+10	  -3.566e+10	  -1.233e+10	  0.851972	  0.773532	  0.720649	  0.217770	  0.658211	 -0.685181	  0.368579	  0.628233	  0.105792	  0.903729	 -0.414827	1.593666e+16	-7.611622e+16	0.000000e+00	0.000000e+00	0.000000e+00
-17.1753	       356	2.892916e+11	    49111.68	    35350.36	  269.14	1261.694212	  440.54	   7.827e+10	  -6.208e+10	   3.063e+10	  0.858412	  0.802332	  0.484815	  0.454533	  0.747231	  0.874214	 -0.277754	 -0.398249	  0.026528	  0.846317	 -0.532019	2.807257e+16	-1.185292e+17	0.000000e+00	0.000000e+00	0.000000e+00
 21.7462	       541	4.396257e+11	    36770.08	    24784.76	  294.86	1246.704449	  471.67	   5.334e+10	   -1.81e+11	   7.713e+10	  0.874811	  0.806174	  0.445795	  0.373463	  0.813506	  0.870105	  0.032621	 -0.491786	 -0.210201	  0.927071	 -0.310410	4.890138e+16	-1.776292e+17	0.000000e+00	0.000000e+00	0.000000e+00
 27.5336	       846	6.874738e+11	    28328.94	    20131.47	  327.69	1228.184320	  492.91	   1.179e+11	  -3.079e+11	   1.841e+11	  0.782021	  0.767208	  0.439873	  0.516293	  0.734815	  0.863609	 -0.467635	 -0.188403	  0.246354	  0.717467	 -0.651576	8.351496e+16	-2.724878e+17	0.000000e+00	0.000000e+00	0.000000e+00
 34.8612	      1229	9.987060e+11	    20275.63	    12454.80	  351.01	1205.662942	  510.54	   1.712e+11	  -4.358e+11	   1.189e+11	  0.748559	  0.733663	  0.432963	  0.485956	  0.759203	  0.770072	  0.238381	 -0.591746	  0.468542	 -0.840846	  0.271011	1.301578e+17	-3.877347e+17	0.000000e+00	0.000000e+00	0.000000e+00
 44.1389	      1776	1.443207e+12	    14435.37	     8763.71	  374.99	1179.697194	  517.01	   1.782e+11	  -7.933e+11	   3.123e+11	  0.759831	  0.704947	  0.484349	  0.476033	  0.734029	  0.611929	  0.415293	 -0.673108	 -0.625259	  0.775193	 -0.090152	1.928816e+17	-5.456239e+17	0.000000e+00	0.000000e+00	0.000000e+00
 55.8857	      2500	2.031542e+12	    10011.23	     5714.81	  395.39	1149.550571	  532.05	   3.041e+11	  -1.604e+12	   9.072e+11	  0.756347	  0.683599	  0.507385	  0.530197	  0.679302	 -0.463525	 -0.496623	  0.733832	  0.726433	 -0.687209	 -0.006219	2.875469e+17	-7.450182e+17	0.000000e+00	0.000000e+00	0.000000e+00
 70.7587	      3517	2.857973e+12	     6938.77	     3955.00	  416.78	1115.114172	  542.76	   9.276e+11	  -2.311e+12	   2.145e+12	  0.755954	  0.684019	  0.539213	  0.509319	  0.670704	 -0.444305	 -0.504509	  0.740313	 -0.715432	  0.697184	  0.045744	4.209569e+17	-1.009839e+18	0.000000e+00	0.000000e+00	0.000000e+00
 89.5899	      4830	3.924939e+12	     4694.83	     2515.67	  434.06	1075.900307	  554.12	   1.019e+11	   -2.68e+12	   2.688e+12	  0.786131	  0.705812	  0.546496	  0.451709	  0.705196	 -0.443393	 -0.558293	  0.701221	 -0.710454	  0.695893	  0.104821	6.025710e+17	-1.330044e+18	0.000000e+00	0.000000e+00	0.000000e+00
113.4327	      6522	5.299887e+12	     3123.32	     1597.17	  448.26	1032.221611	  560.85	   -4.14e+11	  -3.216e+12	    7.13e+12	  0.804250	  0.712962	  0.542334	  0.440283	  0.715559	  0.443361	  0.573469	 -0.688886	 -0.713655	  0.690858	  0.115807	8.335603e+17	-1.711686e+18	0.000000e+00	0.000000e+00	0.000000e+00
143.6208	      8728	7.092519e+12	     2059.27	     1025.93	  460.85	983.823815	  566.55	  -3.578e+12	  -4.919e+11	   1.528e+13	  0.811517	  0.715376	  0.483548	  0.367958	  0.794222	  0.420759	  0.697937	 -0.579522	 -0.767556	  0.614403	  0.182664	1.138260e+18	-2.166754e+18	0.000000e+00	0.000000e+00	0.000000e+00
181.8430	     11525	9.365408e+12	     1339.68	      640.87	  470.63	930.328098	  564.29	  -1.339e+13	   1.658e+11	   2.513e+13	  0.839401	  0.714819	  0.425586	  0.340522	  0.838404	  0.493634	  0.689145	 -0.530476	  0.758420	 -0.639628	 -0.125197	1.491067e+18	-2.686599e+18	0.000000e+00	0.000000e+00	0.000000e+00
230.2373	     14955	1.215268e+13	      856.46	      387.20	  476.45	871.556001	  558.53	  -3.332e+13	  -5.246e+12	   3.697e+13	  0.877545	  0.717407	  0.363278	  0.259657	  0.894767	  0.621131	  0.648317	 -0.440319	 -0.694425	  0.715725	  0.074238	1.895534e+18	-3.251542e+18	0.000000e+00	0.000000e+00	0.000000e+00
291.5109	     19359	1.573145e+13	      546.22	      244.93	  481.75	807.175342	  551.43	  -6.279e+13	   1.288e+13	   6.148e+13	  0.851456	  0.682314	  0.176729	  0.054291	  0.982761	  0.756554	  0.631199	 -0.170920	 -0.629597	  0.773718	  0.070477	2.391760e+18	-3.880147e+18	0.000000e+00	0.000000e+00	0.000000e+00
369.0914	     24131	1.960926e+13	      335.45	      130.76	  478.00	736.283972	  536.95	  -1.138e+14	   2.405e+13	   9.516e+13	  0.838451	  0.668199	  0.069212	 -0.018638	  0.997428	  0.788730	  0.613215	 -0.043272	 -0.610832	  0.789696	  0.057142	2.826809e+18	-4.460017e+18	0.000000e+00	0.000000e+00	0.000000e+00
467.3322	     29202	2.373003e+13	      199.98	       68.45	  467.31	660.883051	  522.20	  -1.728e+14	   1.972e+13	   1.311e+14	  0.807066	  0.660031	  0.055232	 -0.070428	  0.995987	  0.752252	  0.658857	  0.004873	 -0.656556	  0.748964	  0.089370	3.235479e+18	-4.961683e+18	0.000000e+00	0.000000e+00	0.000000e+00
 -4.0281	         7	5.688317e+09	    74859.86	    74859.86	   77.93	949.112527	  157.23	   1.666e+08	  -5.571e+08	   3.506e+08	  0.000000	  0.000000	  0.000000	  0.000000	  0.000000	  0.000000	  0.000000	  0.000000	  0.000000	  0.000000	  0.000000	7.030891e+13	-1.283060e+15	0.000000e+00	0.000000e+00	0.000000e+00
 -5.0198	        16	1.300187e+10	    88413.40	   102904.21	  105.54	946.932890	  222.59	  -1.446e+09	   4.978e+07	   1.031e+08	  0.849142	  0.630258	  0.747103	  0.236640	  0.621159	 -0.130341	 -0.864188	  0.485994	 -0.651804	  0.444050	  0.614793	3.220883e+14	-2.927106e+15	0.000000e+00	0.000000e+00	0.000000e+00
 -6.2556	        30	2.437850e+10	    85657.72	    82711.48	  129.46	943.926307	  278.82	   2.092e+09	  -3.552e+09	   5.392e+09	  0.883742	  0.802152	  0.222087	  0.626049	  0.747489	  0.823269	  0.290346	 -0.487778	  0.522403	 -0.723714	  0.450925	9.475898e+14	-5.468201e+15	0.000000e+00	0.000000e+00	0.000000e+00
 -7.7957	        54	4.388131e+10	    79668.42	    73264.94	  155.59	939.220152	  272.18	  -2.791e+09	  -3.412e+08	   1.332e+10	  0.788883	  0.757624	  0.720023	  0.559087	  0.411082	 -0.168085	 -0.434233	  0.884980	 -0.673286	  0.706303	  0.218683	1.625376e+15	-9.789221e+15	0.000000e+00	0.000000e+00	0.000000e+00
 -9.7149	        84	6.825981e+10	    64035.22	    47320.94	  173.83	933.211064	  301.84	  -2.491e+09	  -5.623e+09	    2.21e+10	  0.857231	  0.790835	  0.747391	  0.445077	  0.493268	 -0.556078	  0.825350	  0.097846	 -0.363570	 -0.347425	  0.864357	3.109531e+15	-1.512808e+16	0.000000e+00	0.000000e+00	0.000000e+00
-12.1066	       132	1.072654e+11	    51994.89	    39121.95	  195.20	925.270566	  304.64	  -2.156e+10	   -7.12e+09	   2.625e+10	  0.904771	  0.858529	  0.703730	  0.381820	  0.599147	 -0.617025	 -0.089596	  0.781827	 -0.352198	  0.919884	 -0.172541	4.977448e+15	-2.354088e+16	0.000000e+00	0.000000e+00	0.000000e+00
-15.0871	       222	1.804009e+11	    45184.23	    37902.59	  226.77	914.170979	  326.97	  -1.677e+10	  -3.508e+10	   4.168e+10	  0.800151	  0.746726	  0.447558	  0.573103	  0.686472	  0.871206	 -0.452598	 -0.190146	 -0.201722	 -0.683160	  0.701855	9.643172e+15	-3.901644e+16	0.000000e+00	0.000000e+00	0.000000e+00
-18.8014	       310	2.519112e+11	    32601.89	    19149.45	  240.05	901.115383	  343.06	  -2.862e+10	  -7.375e+10	   1.271e+11	  0.858582	  0.759558	  0.543796	  0.587644	  0.599133	 -0.814610	  0.541229	  0.208522	 -0.201731	 -0.601453	  0.773019	1.482410e+16	-5.375165e+16	0.000000e+00	0.000000e+00	0.000000e+00
 23.4301	       469	3.811173e+11	    25485.96	    17877.96	  264.49	885.348067	  359.15	   2.894e+10	  -1.355e+11	    1.24e+11	  0.820083	  0.730778	  0.401885	  0.723523	  0.561252	  0.830671	 -0.545982	  0.109035	 -0.385323	 -0.422396	  0.820431	2.458009e+16	-7.951557e+16	0.000000e+00	0.000000e+00	0.000000e+00
 29.1983	       663	5.387649e+11	    18616.11	    11271.19	  281.70	866.439864	  371.40	   6.104e+10	  -2.256e+11	   2.865e+11	  0.792933	  0.745217	  0.441497	  0.728653	  0.523588	  0.886311	 -0.445053	 -0.127990	 -0.139764	 -0.520569	  0.842303	3.715724e+16	-1.097542e+17	0.000000e+00	0.000000e+00	0.000000e+00
 36.3867	       933	7.581714e+11	    13536.43	     8105.48	  299.35	844.884165	  377.29	   2.088e+11	  -3.093e+11	   6.184e+11	  0.748194	  0.725170	  0.473607	  0.676982	  0.563376	  0.749048	 -0.646077	  0.146666	 -0.463275	 -0.352533	  0.813079	5.396282e+16	-1.499001e+17	0.000000e+00	0.000000e+00	0.000000e+00
 45.3447	      1277	1.037712e+12	     9573.28	     5336.06	  313.72	819.933762	  385.08	   4.686e+11	    -6.1e+11	   1.139e+12	  0.754734	  0.734681	  0.464734	  0.702067	  0.539559	  0.715683	 -0.656634	  0.237970	 -0.521364	 -0.275560	  0.807617	7.693842e+16	-1.983132e+17	0.000000e+00	0.000000e+00	0.000000e+00
 56.5081	      1725	1.401764e+12	     6681.99	     3590.77	  326.62	791.861161	  391.82	   9.929e+11	  -1.415e+12	   2.257e+12	  0.786127	  0.735307	  0.468881	  0.663837	  0.582642	  0.836013	 -0.546406	 -0.050229	 -0.285015	 -0.510647	  0.811176	1.076006e+17	-2.574366e+17	0.000000e+00	0.000000e+00	0.000000e+00
 70.4199	      2248	1.826762e+12	     4499.46	     2166.00	  334.01	760.956016	  392.61	   1.356e+12	  -2.279e+12	   3.894e+12	  0.769118	  0.735094	  0.440775	  0.734721	  0.515657	  0.858541	 -0.512734	 -0.003310	 -0.261963	 -0.444172	  0.856789	1.407893e+17	-3.213804e+17	0.000000e+00	0.000000e+00	0.000000e+00
 87.7565	      2922	2.374466e+12	     3021.98	     1442.33	  341.12	727.349159	  393.97	   2.028e+12	  -3.507e+12	   6.602e+12	  0.791512	  0.761855	  0.461267	  0.686969	  0.561521	  0.818742	 -0.573430	  0.028975	 -0.341898	 -0.446376	  0.826955	1.842698e+17	-3.970488e+17	0.000000e+00	0.000000e+00	0.000000e+00
109.3613	      3741	3.039999e+12	     1999.15	      905.60	  345.76	690.588803	  393.47	   3.365e+12	  -4.675e+12	   1.072e+13	  0.840972	  0.774957	  0.410403	  0.717583	  0.562711	  0.813580	 -0.566851	  0.129493	 -0.411895	 -0.404666	  0.816448	2.353270e+17	-4.807250e+17	0.000000e+00	0.000000e+00	0.000000e+00
136.2850	      4698	3.817674e+12	     1297.23	      546.78	  347.09	651.176855	  388.84	   3.961e+12	   -5.88e+12	   1.666e+13	  0.886994	  0.806909	  0.364539	  0.742989	  0.561319	  0.814364	 -0.546699	  0.194763	 -0.451579	 -0.386119	  0.804356	2.886142e+17	-5.681540e+17	0.000000e+00	0.000000e+00	0.000000e+00
169.8370	      5860	4.761934e+12	      836.08	      343.05	  347.25	609.107331	  383.83	    4.63e+12	  -8.586e+12	   2.475e+13	  0.910378	  0.832613	  0.196976	  0.857228	  0.475774	  0.784007	 -0.429106	  0.448555	  0.588671	  0.284655	 -0.756596	3.507681e+17	-6.618632e+17	0.000000e+00	0.000000e+00	0.000000e+00
211.6492	      7206	5.855716e+12	      531.24	      205.32	  344.94	564.291523	  377.29	   1.301e+13	  -8.749e+12	    3.59e+13	  0.930248	  0.849655	  0.005039	  0.983407	  0.181341	  0.541183	 -0.155173	  0.826464	  0.840890	  0.093974	 -0.532985	4.167717e+17	-7.556659e+17	0.000000e+00	0.000000e+00	0.000000e+00
263.7551	      8881	7.216849e+12	      338.31	      132.02	  343.04	515.755884	  369.04	   2.904e+13	  -2.301e+12	   5.285e+13	  0.911601	  0.760980	  0.265264	 -0.695627	  0.667636	  0.388806	  0.710821	  0.586143	  0.882306	 -0.104098	 -0.459019	4.914448e+17	-8.552619e+17	0.000000e+00	0.000000e+00	0.000000e+00
328.7026	     10160	8.256186e+12	      199.96	       52.08	  328.67	464.813914	  366.17	   4.703e+13	   2.603e+12	    6.45e+13	  0.884900	  0.740319	  0.341586	 -0.408797	  0.846288	  0.310606	  0.898957	  0.308869	  0.887042	 -0.157357	 -0.434046	5.535012e+17	-9.183335e+17	0.000000e+00	0.000000e+00	0.000000e+00
 -3.7246	        12	9.751401e+09	   162325.99	   162325.99	  106.11	736.908027	  161.03	   6.544e+08	   1.124e+08	   -7.09e+08	  0.683564	  0.645243	  0.462017	  0.871531	 -0.164235	  0.793898	 -0.488972	 -0.361430	  0.395304	 -0.036601	  0.917821	1.264257e+14	-1.329806e+15	0.000000e+00	0.000000e+00	0.000000e+00
 -4.7123	        19	1.543972e+10	   126915.55	    92372.01	  118.71	732.829878	  228.74	   1.544e+09	   1.184e+09	  -1.918e+09	  0.845906	  0.759496	  0.421122	  0.520324	  0.742912	  0.617054	  0.435962	 -0.655120	  0.664756	 -0.734303	  0.137475	4.039322e+14	-2.096462e+15	0.000000e+00	0.000000e+00	0.000000e+00
 -5.9618	        29	2.356589e+10	    95656.32	    65162.36	  130.38	728.176769	  219.05	   7.713e+08	   1.894e+09	    2.08e+08	  0.793585	  0.697363	  0.608409	  0.736364	  0.295984	 -0.584588	  0.163587	  0.794667	  0.536745	 -0.656511	  0.529998	5.653756e+14	-3.181616e+15	0.000000e+00	0.000000e+00	0.000000e+00
 -7.5427	        53	4.306869e+10	    86326.86	    77225.80	  156.71	721.327895	  237.18	   5.967e+08	   2.266e+09	   -4.42e+09	  0.945272	  0.795924	 -0.677670	  0.678244	  0.284164	  0.464377	  0.694328	 -0.549784	  0.570191	  0.240613	  0.785486	1.211439e+15	-5.742056e+15	0.000000e+00	0.000000e+00	0.000000e+00
 -9.5428	        81	6.582196e+10	    65149.27	    44490.13	  172.23	712.962202	  230.96	  -7.549e+08	  -5.849e+08	  -5.831e+09	  0.979303	  0.955558	  0.381297	  0.431843	  0.817389	  0.870434	  0.130109	 -0.474781	 -0.311381	  0.892515	 -0.326281	1.755567e+15	-8.664843e+15	0.000000e+00	0.000000e+00	0.000000e+00
-12.0732	       134	1.088906e+11	    53221.08	    41584.92	  196.95	701.218378	  238.23	  -9.353e+09	  -3.599e+09	  -4.844e+09	  0.957310	  0.861171	 -0.302040	  0.027891	  0.952887	  0.909960	  0.306386	  0.279465	 -0.284156	  0.951499	 -0.117921	3.089943e+15	-1.405602e+16	0.000000e+00	0.000000e+00	0.000000e+00
-15.2747	       188	1.527720e+11	    36871.53	    20922.24	  207.40	687.501314	  247.62	   2.183e+10	   -3.95e+09	   1.915e+10	  0.962412	  0.812719	  0.825956	  0.541817	 -0.155665	 -0.152715	  0.480857	  0.863397	 -0.542655	  0.689355	 -0.479911	4.683748e+15	-1.933418e+16	0.000000e+00	0.000000e+00	0.000000e+00
-19.3251	       262	2.129056e+11	    25374.01	    14157.96	  217.67	671.256215	  253.81	  -5.492e+09	   1.265e+10	   3.418e+09	  0.890851	  0.767750	  0.855874	  0.510381	 -0.083613	 -0.133158	  0.373680	  0.917950	 -0.499748	  0.774516	 -0.387785	6.857544e+15	-2.628163e+16	0.000000e+00	0.000000e+00	0.000000e+00
 24.4495	       344	2.795402e+11	    16451.32	     7747.06	  221.75	654.585984	  265.68	   -5.14e+10	   2.977e+10	  -4.877e+09	  0.909130	  0.780907	  0.849738	  0.524616	  0.052193	 -0.259278	  0.329645	  0.907805	 -0.459044	  0.784928	 -0.416133	9.865676e+15	-3.359595e+16	0.000000e+00	0.000000e+00	0.000000e+00
 30.9327	       474	3.851803e+11	    11193.73	     6064.86	  231.41	635.907319	  283.14	  -1.133e+11	   1.049e+10	   6.437e+10	  0.916013	  0.785998	  0.758835	  0.651113	 -0.014887	 -0.144257	  0.190325	  0.971064	 -0.635106	  0.734730	 -0.238353	1.543915e+16	-4.457499e+16	0.000000e+00	0.000000e+00	0.000000e+00
 39.1351	       639	5.192621e+11	     7451.64	     3801.16	  238.88	614.810334	  289.18	  -2.342e+11	   1.087e+11	   9.724e+10	  0.902805	  0.781879	  0.803245	  0.595618	  0.006064	 -0.008154	  0.000816	  0.999966	 -0.595593	  0.803268	 -0.005512	2.171132e+16	-5.769599e+16	0.000000e+00	0.000000e+00	0.000000e+00
 49.5125	       840	6.825981e+11	     4837.10	     2286.56	  243.50	592.598516	  292.80	  -4.563e+11	   8.355e+10	   1.988e+11	  0.885120	  0.766930	  0.806880	  0.586180	 -0.073061	  0.046906	  0.059713	  0.997113	 -0.588850	  0.807978	 -0.020686	2.926023e+16	-7.253225e+16	0.000000e+00	0.000000e+00	0.000000e+00
 62.6417	      1089	8.849397e+11	     3096.62	     1398.75	  246.49	568.101224	  295.55	  -7.575e+11	   3.513e+11	   2.477e+11	  0.933302	  0.771376	  0.812944	  0.582337	 -0.002449	 -0.033139	  0.050460	  0.998176	 -0.581398	  0.811380	 -0.060320	3.865023e+16	-8.956589e+16	0.000000e+00	0.000000e+00	0.000000e+00
 79.2523	      1415	1.149853e+12	     1986.88	      904.30	  249.79	542.201560	  299.29	  -1.566e+12	   9.051e+11	   7.249e+10	  0.908068	  0.727246	  0.838859	  0.539641	 -0.071435	  0.049840	  0.054539	  0.997267	 -0.542062	  0.840127	 -0.018855	5.149824e+16	-1.099458e+17	0.000000e+00	0.000000e+00	0.000000e+00
100.2675	      1847	1.500903e+12	     1280.67	      591.74	  253.72	513.972641	  300.79	  -2.859e+12	    2.16e+12	  -2.382e+11	  0.887441	  0.708086	  0.841837	  0.531957	 -0.091281	  0.056187	  0.081829	  0.995061	 -0.536799	  0.842808	 -0.038998	6.789889e+16	-1.343853e+17	0.000000e+00	0.000000e+00	0.000000e+00
126.8554	      2546	2.068922e+12	      871.73	      472.80	  264.84	482.046926	  303.67	  -7.545e+12	   6.542e+12	  -2.545e+12	  0.885475	  0.667178	  0.775970	  0.485865	 -0.402252	  0.258865	  0.336240	  0.905501	 -0.575204	  0.806770	 -0.135138	9.539076e+16	-1.696105e+17	0.000000e+00	0.000000e+00	0.000000e+00
160.4935	      3373	2.740956e+12	      570.29	      276.23	  271.01	445.319629	  303.93	  -1.369e+13	   1.175e+13	  -6.131e+12	  0.869797	  0.646454	  0.726696	  0.516358	 -0.453087	  0.233282	  0.434869	  0.869752	 -0.646136	  0.737742	 -0.195560	1.265939e+17	-2.058891e+17	0.000000e+00	0.000000e+00	0.000000e+00
203.0514	      4134	3.359358e+12	      345.15	      125.52	  266.74	405.293630	  301.83	  -1.812e+13	   1.584e+13	  -6.784e+12	  0.889750	  0.674978	  0.705397	  0.553141	 -0.443227	  0.147560	  0.497012	  0.855105	 -0.693283	  0.668591	 -0.268969	1.530222e+17	-2.338726e+17	0.000000e+00	0.000000e+00	0.000000e+00
256.9079	      4851	3.942004e+12	      199.96	       58.38	  256.88	363.298221	  296.83	  -2.227e+13	   1.936e+13	  -6.887e+12	  0.893906	  0.685380	  0.637885	  0.716526	 -0.282301	 -0.030274	  0.389609	  0.920483	  0.769536	 -0.578616	  0.270218	1.736651e+17	-2.553974e+17	0.000000e+00	0.000000e+00	0.000000e+00
 -4.7079	         5	4.063084e+09	    33492.56	    33492.56	   60.92	564.608845	  145.40	  -6.995e+08	    2.79e+08	   1.625e+08	  0.000000	  0.000000	  0.000000	  0.000000	  0.000000	  0.000000	  0.000000	  0.000000	  0.000000	  0.000000	  0.000000	4.294828e+13	-3.265921e+14	0.000000e+00	0.000000e+00	0.000000e+00
 -5.9580	        10	8.126168e+09	    33047.54	    32614.20	   76.59	563.010449	  182.00	  -1.417e+09	  -1.731e+09	   1.641e+09	  0.000000	  0.000000	  0.000000	  0.000000	  0.000000	  0.000000	  0.000000	  0.000000	  0.000000	  0.000000	  0.000000	1.345857e+14	-6.492856e+14	0.000000e+00	0.000000e+00	0.000000e+00
 -7.5402	        18	1.462710e+10	    29347.60	    25744.68	   91.34	560.574920	  223.75	  -1.441e+09	  -1.915e+08	   3.628e+09	  0.792270	  0.500904	  0.994817	 -0.068184	 -0.075436	  0.084462	  0.967180	  0.239642	  0.056621	 -0.244771	  0.967926	3.661347e+14	-1.161573e+15	0.000000e+00	0.000000e+00	0.000000e+00
 -9.5425	        30	2.437850e+10	    24131.38	    19051.96	  104.82	556.229537	  213.21	   -3.84e+09	  -1.606e+08	    2.21e+09	  0.653189	  0.580802	  0.983209	 -0.111380	 -0.144548	  0.024992	 -0.702468	  0.711277	  0.180763	  0.702946	  0.687889	5.541280e+14	-1.922094e+15	0.000000e+00	0.000000e+00	0.000000e+00
-12.0765	        57	4.631916e+10	    22620.21	    21148.67	  128.43	551.182156	  208.69	  -4.934e+09	    1.09e+10	  -1.138e+09	  0.839140	  0.655289	  0.941221	  0.240371	 -0.237329	 -0.244736	  0.969523	  0.011354	  0.232825	  0.047396	  0.971363	1.008594e+15	-3.600780e+15	0.000000e+00	0.000000e+00	0.000000e+00
-15.2835	        83	6.744719e+10	    16250.27	    10047.39	  137.76	543.291878	  223.35	  -1.241e+09	   1.139e+10	   8.164e+09	  0.882578	  0.712131	 -0.003150	  0.993172	  0.116619	  0.979579	  0.026509	 -0.199304	  0.201034	 -0.113609	  0.972974	1.682276e+15	-5.181148e+15	0.000000e+00	0.000000e+00	0.000000e+00
-19.3420	       142	1.153916e+11	    13716.13	    11248.46	  160.18	533.854494	  231.23	  -7.452e+09	   3.078e+10	   -4.06e+09	  0.856432	  0.752006	 -0.581783	  0.782463	  0.221990	  0.797050	  0.602840	 -0.035995	  0.161990	 -0.155996	  0.974384	3.084772e+15	-8.660547e+15	0.000000e+00	0.000000e+00	0.000000e+00
 24.4783	       233	1.893397e+11	    11103.51	     8559.40	  182.39	520.303825	  234.98	  -2.034e+10	   4.053e+10	  -2.697e+10	  0.832833	  0.678730	 -0.550579	  0.826510	  0.117232	  0.809696	  0.562910	 -0.165904	  0.203113	 -0.003579	  0.979149	5.227120e+15	-1.380836e+16	0.000000e+00	0.000000e+00	0.000000e+00
 30.9786	       356	2.892916e+11	     8369.80	     5707.79	  200.40	503.639330	  236.71	  -7.713e+10	   5.547e+10	  -1.473e+10	  0.735167	  0.634467	 -0.505487	  0.846187	  0.168673	  0.817473	  0.532222	 -0.220177	  0.276083	 -0.026589	  0.960766	8.104718e+15	-2.034371e+16	0.000000e+00	0.000000e+00	0.000000e+00
 39.2050	       494	4.014327e+11	     5729.98	     3159.38	  209.85	483.890087	  239.60	  -7.968e+10	    5.94e+10	  -1.583e+10	  0.748223	  0.597127	 -0.595300	  0.779973	  0.193029	  0.743662	  0.625803	 -0.235238	  0.304277	 -0.003511	  0.952577	1.152282e+16	-2.715480e+16	0.000000e+00	0.000000e+00	0.000000e+00
 49.6159	       670	5.444532e+11	     3834.08	     1987.91	  217.24	461.403958	  243.62	  -2.885e+11	   8.124e+10	  -2.073e+11	  0.735711	  0.606637	 -0.672048	  0.695612	  0.253921	  0.630744	  0.717376	 -0.295860	  0.387960	  0.038673	  0.920864	1.615639e+16	-3.510785e+16	0.000000e+00	0.000000e+00	0.000000e+00
 62.7915	       873	7.094144e+11	     2464.69	     1131.20	  220.43	436.266759	  245.28	  -4.615e+11	   4.018e+10	  -4.953e+11	  0.759924	  0.622888	 -0.676154	  0.671342	  0.303506	  0.645757	  0.738341	 -0.194552	  0.354702	 -0.064443	  0.932756	2.134084e+16	-4.341270e+16	0.000000e+00	0.000000e+00	0.000000e+00
 79.4658	      1093	8.881901e+11	     1522.40	      604.82	  219.25	409.328526	  244.49	   -7.14e+11	    1.54e+11	  -9.281e+11	  0.770886	  0.613844	 -0.604443	  0.726548	  0.326766	  0.663579	  0.686138	 -0.298124	  0.440808	 -0.036636	  0.896853	2.654548e+16	-5.139187e+16	0.000000e+00	0.000000e+00	0.000000e+00
100.5681	      1357	1.102721e+12	      932.50	      358.07	  217.15	380.832791	  241.83	  -6.233e+11	   3.735e+11	  -1.077e+12	  0.816288	  0.657766	 -0.616363	  0.716702	  0.326244	  0.646270	  0.697107	 -0.310448	  0.449925	 -0.019493	  0.892853	3.224364e+16	-5.975483e+16	0.000000e+00	0.000000e+00	0.000000e+00
127.2741	      1642	1.334317e+12	      556.68	      190.71	  212.34	351.404457	  238.30	  -5.928e+11	   2.081e+11	  -7.879e+11	  0.819323	  0.671460	 -0.541119	  0.768155	  0.342241	  0.685512	  0.638649	 -0.349572	  0.487097	 -0.045451	  0.872164	3.788597e+16	-6.747245e+16	0.000000e+00	0.000000e+00	0.000000e+00
161.0718	      1982	1.610606e+12	      331.51	      112.25	  207.37	320.388575	  235.95	  -6.227e+11	   -1.17e+11	   1.458e+11	  0.847332	  0.708259	 -0.480081	  0.772299	  0.416025	  0.712308	  0.619999	 -0.328967	  0.511996	 -0.138407	  0.847764	4.483409e+16	-7.527626e+16	0.000000e+00	0.000000e+00	0.000000e+00
203.8582	      2420	1.966533e+12	      199.66	       71.31	  203.68	288.059948	  230.66	  -2.726e+11	     8.9e+10	   1.681e+12	  0.876113	  0.744190	 -0.582347	  0.694340	  0.422804	  0.692048	  0.696312	 -0.190313	  0.426545	 -0.181773	  0.886012	5.231202e+16	-8.343534e+16	0.000000e+00	0.000000e+00	0.000000e+00
 -5.2708	         9	7.313551e+09	    42960.34	    42960.34	   77.25	537.251600	  178.78	   7.174e+08	  -4.214e+08	   6.086e+08	  0.000000	  0.000000	  0.000000	  0.000000	  0.000000	  0.000000	  0.000000	  0.000000	  0.000000	  0.000000	  0.000000	1.168759e+14	-5.323726e+14	0.000000e+00	0.000000e+00	0.000000e+00
 -6.6109	        16	1.300187e+10	    38706.52	    34335.35	   91.97	534.668748	  170.89	   3.084e+09	   4.327e+08	   7.635e+08	  0.895280	  0.643787	  0.733986	 -0.668980	  0.117175	 -0.209426	 -0.058816	  0.976054	  0.646069	  0.740950	  0.183272	1.898494e+14	-9.411364e+14	0.000000e+00	0.000000e+00	0.000000e+00
 -8.2918	        20	1.625234e+10	    24520.71	     9943.57	   91.81	532.099393	  170.05	   2.914e+09	   1.495e+09	   1.994e+08	  0.785216	  0.509537	  0.714873	 -0.608174	  0.345081	 -0.393044	  0.058676	  0.917646	  0.578336	  0.791632	  0.197093	2.349767e+14	-1.172180e+15	0.000000e+00	0.000000e+00	0.000000e+00
-10.4001	        45	3.656775e+10	    27961.12	    31496.44	  122.97	527.185044	  188.05	   8.236e+09	  -1.936e+09	   7.563e+09	  0.950984	  0.773908	 -0.652953	  0.752952	  0.081953	  0.189123	  0.057310	  0.980280	  0.733407	  0.655575	 -0.179821	6.465507e+14	-2.595484e+15	0.000000e+00	0.000000e+00	0.000000e+00
-13.0444	        71	5.769579e+10	    22358.33	    16600.98	  137.92	520.195019	  191.01	   1.179e+10	   3.635e+09	   6.719e+09	  0.876842	  0.764472	  0.914618	 -0.390817	 -0.103613	  0.402681	  0.857448	  0.320362	 -0.036360	 -0.334732	  0.941612	1.052555e+15	-4.044091e+15	0.000000e+00	0.000000e+00	0.000000e+00
-16.3610	       110	8.938784e+10	    17555.48	    12620.13	  153.29	510.667683	  207.31	   2.221e+10	   5.358e+09	   3.728e+09	  0.843686	  0.799377	  0.821718	 -0.563556	 -0.084756	  0.248599	  0.220638	  0.943142	  0.512813	  0.796068	 -0.321402	1.920872e+15	-6.151429e+15	0.000000e+00	0.000000e+00	0.000000e+00
-20.5209	       155	1.259556e+11	    12536.91	     7379.91	  162.47	499.436344	  215.78	   2.491e+10	   1.308e+09	   1.683e+10	  0.830534	  0.752827	  0.875581	 -0.472228	  0.101781	  0.146836	  0.460896	  0.875222	  0.460215	  0.751383	 -0.472891	2.932320e+15	-8.482981e+15	0.000000e+00	0.000000e+00	0.000000e+00
 25.7385	       206	1.673991e+11	     8444.33	     4238.84	  167.24	486.848611	  219.10	   2.606e+10	  -1.748e+09	   2.218e+10	  0.783458	  0.715783	  0.877280	 -0.456281	  0.148955	  0.225712	  0.666058	  0.710929	  0.423596	  0.590063	 -0.687308	4.017821e+15	-1.100639e+16	0.000000e+00	0.000000e+00	0.000000e+00
 32.2828	       281	2.283453e+11	     5837.72	     3159.20	  174.41	472.918076	  220.94	   1.859e+10	  -1.041e+09	   4.981e+10	  0.813095	  0.733147	  0.850919	 -0.517343	  0.091070	  0.171215	  0.437049	  0.882991	  0.496611	  0.735761	 -0.460470	5.573408e+15	-1.451461e+16	0.000000e+00	0.000000e+00	0.000000e+00
 40.4909	       427	3.469874e+11	     4495.77	     3116.79	  191.98	456.823819	  226.23	   7.427e+10	   6.913e+10	   1.542e+11	  0.814214	  0.708915	  0.796603	 -0.596728	  0.096643	  0.226421	  0.442770	  0.867576	  0.560497	  0.669232	 -0.487823	8.879615e+15	-2.092032e+16	0.000000e+00	0.000000e+00	0.000000e+00
 50.7861	       570	4.631916e+11	     3041.51	     1547.14	  198.05	437.383238	  225.72	   2.653e+10	   7.773e+10	   2.426e+11	  0.782510	  0.655975	  0.837809	 -0.536649	  0.100421	  0.125535	  0.368358	  0.921170	  0.531336	  0.759157	 -0.375982	1.179941e+16	-2.673396e+16	0.000000e+00	0.000000e+00	0.000000e+00
 63.6989	       746	6.062121e+11	     2017.40	      965.04	  202.31	416.100953	  225.99	  -5.409e+10	  -2.185e+10	   4.066e+11	  0.790369	  0.653707	  0.834564	 -0.524009	  0.170052	  0.121832	  0.476579	  0.870649	  0.537271	  0.705894	 -0.461577	1.547973e+16	-3.325014e+16	0.000000e+00	0.000000e+00	0.000000e+00
 79.8949	       973	7.906761e+11	     1333.54	      630.81	  206.30	392.478251	  223.98	  -8.183e+10	  -1.003e+10	    5.46e+11	  0.876038	  0.658197	  0.842163	 -0.414539	  0.344846	 -0.047227	  0.580363	  0.812988	  0.537151	  0.700954	 -0.469183	1.983309e+16	-4.080479e+16	0.000000e+00	0.000000e+00	0.000000e+00
100.2088	      1242	1.009270e+12	      862.69	      378.85	  208.12	366.946798	  223.71	  -4.032e+11	  -3.714e+11	   9.219e+11	  0.882410	  0.660466	  0.830500	 -0.325827	  0.451781	 -0.232682	  0.533984	  0.812847	  0.506091	  0.780191	 -0.367659	2.525393e+16	-4.867426e+16	0.000000e+00	0.000000e+00	0.000000e+00
125.6878	      1527	1.240866e+12	      537.54	      203.42	  206.05	339.532625	  220.69	  -6.501e+11	  -5.456e+11	   1.162e+12	  0.903126	  0.709921	  0.836448	 -0.278485	  0.472018	 -0.292231	  0.501977	  0.814015	  0.463633	  0.818819	 -0.338496	3.021631e+16	-5.586657e+16	0.000000e+00	0.000000e+00	0.000000e+00
157.6449	      1862	1.513092e+12	      332.19	      121.18	  203.17	309.944564	  216.74	  -8.012e+11	  -1.112e+12	   1.464e+12	  0.929377	  0.755024	  0.789779	 -0.225495	  0.570440	 -0.461760	  0.393593	  0.794898	  0.403766	  0.891200	 -0.206726	3.554029e+16	-6.307998e+16	0.000000e+00	0.000000e+00	0.000000e+00
197.7411	      2208	1.794258e+12	      199.60	       63.40	  197.54	279.377141	  213.27	  -1.128e+12	  -2.722e+12	    1.58e+12	  0.975135	  0.794889	 -0.471013	  0.126748	  0.872973	  0.830126	 -0.271067	  0.487251	  0.298392	  0.954179	  0.022460	4.080429e+16	-6.916249e+16	0.000000e+00	0.000000e+00	0.000000e+00
 -4.7144	         8	6.500934e+09	    53365.22	    53365.22	   77.01	483.597897	  143.33	   -2.45e+08	  -3.371e+08	   1.392e+09	  0.000000	  0.000000	  0.000000	  0.000000	  0.000000	  0.000000	  0.000000	  0.000000	  0.000000	  0.000000	  0.000000	6.677357e+13	-3.826506e+14	0.000000e+00	0.000000e+00	0.000000e+00
 -6.0775	        13	1.056402e+10	    40478.33	    29197.24	   86.46	480.433252	  168.21	  -3.377e+08	  -8.578e+08	    2.04e+08	  0.839166	  0.613609	  0.368708	  0.748378	 -0.551348	  0.625482	  0.239023	  0.742725	  0.687624	 -0.618707	 -0.379968	1.494595e+14	-6.181467e+14	0.000000e+00	0.000000e+00	0.000000e+00
 -7.8347	        27	2.194065e+10	    39242.26	    38160.21	  109.74	475.356802	  165.41	  -3.863e+09	  -2.961e+08	   1.253e+09	  0.916472	  0.839596	  0.959242	 -0.135319	 -0.248079	  0.244064	  0.839213	  0.485957	  0.142432	 -0.526698	  0.838035	3.001439e+14	-1.267103e+15	0.000000e+00	0.000000e+00	0.000000e+00
-10.0999	        42	3.412990e+10	    28493.81	    19084.68	  120.55	467.968729	  163.02	   4.163e+08	  -2.853e+08	   5.941e+08	  0.805310	  0.728402	  0.547473	 -0.387285	  0.741811	  0.287290	 -0.745598	 -0.601289	  0.785963	  0.542304	 -0.296931	4.535030e+14	-1.944614e+15	0.000000e+00	0.000000e+00	0.000000e+00
-13.0200	        76	6.175887e+10	    24067.21	    20192.20	  142.83	458.215158	  181.18	  -2.788e+08	   6.871e+09	  -8.382e+08	  0.797723	  0.790789	  0.791354	  0.098596	  0.603355	 -0.235805	  0.959770	  0.152440	 -0.564052	 -0.262908	  0.782767	1.013641e+15	-3.429351e+15	0.000000e+00	0.000000e+00	0.000000e+00
-16.7845	       119	9.670139e+10	    17590.18	    11920.22	  157.41	445.012537	  183.07	   8.867e+08	    4.69e+09	  -1.489e+09	  0.877057	  0.775255	  0.949360	  0.114279	 -0.292671	  0.289200	  0.046225	  0.956152	 -0.122797	  0.992373	 -0.010834	1.620481e+15	-5.212143e+15	0.000000e+00	0.000000e+00	0.000000e+00
-21.6374	       177	1.438332e+11	    12212.58	     7505.07	  169.08	430.355333	  191.47	   9.397e+09	     1.5e+09	  -2.938e+09	  0.868340	  0.768273	  0.976366	  0.212331	  0.040307	  0.026581	 -0.303059	  0.952601	 -0.214482	  0.929016	  0.301540	2.636614e+15	-7.461402e+15	0.000000e+00	0.000000e+00	0.000000e+00
 27.8934	       251	2.039668e+11	     8083.86	     4469.61	  177.34	411.991627	  195.15	  -1.141e+10	  -1.178e+10	  -4.878e+09	  0.905345	  0.702558	  0.981589	  0.176881	 -0.072086	  0.118793	 -0.269808	  0.955558	 -0.149571	  0.946529	  0.285853	3.883704e+15	-1.012745e+16	0.000000e+00	0.000000e+00	0.000000e+00
 35.9582	       346	2.811654e+11	     5201.54	     2678.38	  183.38	391.691990	  198.79	  -6.286e+09	  -4.139e+10	  -1.856e+10	  0.945806	  0.770997	 -0.436473	 -0.438554	  0.785596	  0.834475	  0.129114	  0.535706	 -0.336367	  0.889382	  0.309608	5.555715e+15	-1.323655e+16	0.000000e+00	0.000000e+00	0.000000e+00
 46.3547	       461	3.746163e+11	     3234.95	     1513.41	  186.43	368.937263	  196.63	   6.959e+10	  -1.022e+11	  -4.438e+10	  0.939636	  0.820928	 -0.011197	 -0.520567	  0.853747	  0.922736	  0.323586	  0.209407	 -0.385271	  0.790128	  0.476722	7.241690e+15	-1.660075e+16	0.000000e+00	0.000000e+00	0.000000e+00
 59.7572	       576	4.680673e+11	     1886.69	      706.43	  183.54	344.636496	  198.05	   1.255e+11	  -1.954e+11	   4.304e+10	  0.947558	  0.827761	  0.219628	  0.538384	 -0.813576	  0.959577	  0.031232	  0.279709	 -0.176000	  0.842121	  0.509761	9.179992e+15	-1.957954e+16	0.000000e+00	0.000000e+00	0.000000e+00
 77.0348	       749	6.086500e+11	     1145.17	      496.05	  184.33	318.397516	  194.24	   1.322e+11	  -3.522e+11	   7.769e+10	  0.956930	  0.880927	  0.136177	 -0.517097	  0.845025	  0.990681	  0.073231	 -0.114837	 -0.002501	  0.852788	  0.522251	1.148212e+16	-2.345686e+16	0.000000e+00	0.000000e+00	0.000000e+00
 99.3078	       929	7.549210e+11	      663.00	      240.92	  180.81	290.631063	  191.01	    2.15e+11	  -3.926e+11	    1.69e+11	  0.968032	  0.823280	  0.920587	 -0.308987	  0.238846	 -0.344069	 -0.352353	  0.870324	  0.184761	  0.883388	  0.430684	1.377103e+16	-2.683566e+16	0.000000e+00	0.000000e+00	0.000000e+00
128.0205	      1100	8.938784e+11	      366.44	      106.83	  173.29	261.780413	  188.83	    3.34e+11	  -4.549e+11	   5.568e+11	  0.951578	  0.809516	  0.951123	 -0.208773	  0.227549	 -0.306165	 -0.541242	  0.783147	  0.040341	  0.814537	  0.578707	1.593641e+16	-2.949248e+16	0.000000e+00	0.000000e+00	0.000000e+00
165.0485	      1276	1.036899e+12	      198.37	       51.30	  164.37	232.467512	  184.08	   3.235e+11	    -4.9e+11	    9.67e+11	  0.962689	  0.788852	  0.389400	 -0.513476	  0.764663	 -0.917436	 -0.142570	  0.371462	  0.081719	  0.846177	  0.526599	1.756746e+16	-3.169009e+16	0.000000e+00	0.000000e+00	0.000000e+00
 -4.5063	         5	4.063084e+09	    38190.25	    38190.25	   62.27	498.677260	  162.24	  -4.597e+08	  -1.584e+08	  -5.593e+08	  0.000000	  0.000000	  0.000000	  0.000000	  0.000000	  0.000000	  0.000000	  0.000000	  0.000000	  0.000000	  0.000000	5.347237e+13	-2.555089e+14	0.000000e+00	0.000000e+00	0.000000e+00
 -5.8263	        16	1.300187e+10	    56545.93	    72353.02	   97.97	494.728128	  164.19	  -1.743e+09	  -1.921e+09	   4.967e+08	  0.660659	  0.593002	  0.886683	 -0.456208	  0.075279	  0.459279	  0.887806	 -0.029376	 -0.053432	  0.060622	  0.996730	1.752491e+14	-8.075918e+14	0.000000e+00	0.000000e+00	0.000000e+00
 -7.5328	        29	2.356589e+10	    47421.82	    39564.55	  115.99	488.380942	  165.35	  -2.059e+09	   -2.45e+09	   6.565e+08	  0.694013	  0.668932	 -0.628020	  0.771330	  0.103151	 -0.259179	 -0.332301	  0.906864	  0.733769	  0.542794	  0.408604	3.221354e+14	-1.444672e+15	0.000000e+00	0.000000e+00	0.000000e+00
 -9.7392	        52	4.225607e+10	    39344.36	    32388.40	  136.60	480.193557	  180.58	  -6.551e+09	  -4.956e+09	   3.403e+09	  0.866302	  0.813389	 -0.620273	  0.776230	 -0.112819	  0.770780	  0.629849	  0.095857	 -0.145466	  0.027501	  0.988981	6.889921e+14	-2.542089e+15	0.000000e+00	0.000000e+00	0.000000e+00
-12.5919	        84	6.825981e+10	    29407.44	    20850.21	  152.69	468.372006	  186.88	  -1.481e+10	  -6.431e+09	  -2.812e+09	  0.783147	  0.725686	 -0.397173	  0.911957	  0.102899	  0.811864	  0.296855	  0.502746	 -0.427937	 -0.283217	  0.858288	1.191960e+15	-4.002186e+15	0.000000e+00	0.000000e+00	0.000000e+00
-16.2801	       130	1.056402e+11	    21058.15	    13868.11	  167.05	454.522730	  192.18	  -9.828e+09	  -7.223e+09	  -2.071e+09	  0.814771	  0.743191	  0.010259	  0.999227	  0.037938	  0.730681	 -0.033392	  0.681902	 -0.682642	 -0.020725	  0.730459	1.950714e+15	-5.999014e+15	0.000000e+00	0.000000e+00	0.000000e+00
-21.0487	       183	1.487089e+11	    13715.98	     7393.23	  174.31	439.133467	  199.51	  -8.376e+09	   -1.81e+10	  -1.264e+10	  0.932005	  0.787627	  0.160162	  0.909724	  0.383080	  0.645878	 -0.390063	  0.656272	  0.746452	  0.142313	 -0.650044	2.959644e+15	-8.141501e+15	0.000000e+00	0.000000e+00	0.000000e+00
 27.2140	       271	2.202191e+11	     9398.18	     5679.89	  186.55	419.855058	  202.87	  -3.203e+10	   -9.55e+09	  -5.625e+10	  0.891485	  0.746993	 -0.083949	  0.913238	  0.398684	  0.201474	 -0.376277	  0.904336	  0.975890	  0.156242	 -0.152406	4.531628e+15	-1.143009e+16	0.000000e+00	0.000000e+00	0.000000e+00
 35.1851	       383	3.112322e+11	     6145.71	     3344.83	  195.04	397.175721	  203.06	  -5.507e+10	  -2.824e+10	  -5.059e+10	  0.886227	  0.722354	 -0.286505	  0.842350	  0.456467	  0.231836	 -0.401326	  0.886109	  0.929606	  0.359700	 -0.080305	6.416742e+15	-1.521702e+16	0.000000e+00	0.000000e+00	0.000000e+00
 45.4910	       496	4.030579e+11	     3682.59	     1561.47	  195.20	371.625061	  202.67	  -9.599e+10	  -4.838e+10	  -6.152e+10	  0.833530	  0.691618	 -0.362243	  0.789700	  0.495130	  0.239628	 -0.434451	  0.868234	  0.900754	  0.433159	 -0.031858	8.278170e+15	-1.861387e+16	0.000000e+00	0.000000e+00	0.000000e+00
 58.8156	       613	4.981341e+11	     2105.87	      748.07	  190.85	344.778073	  199.63	  -1.731e+11	  -1.598e+11	   -5.36e+10	  0.848455	  0.729772	 -0.357703	  0.845582	  0.396282	  0.320827	 -0.287252	  0.902528	  0.876994	  0.449975	 -0.168534	9.925718e+15	-2.166382e+16	0.000000e+00	0.000000e+00	0.000000e+00
 76.0431	       745	6.053995e+11	     1184.20	      390.50	  185.04	317.109719	  195.99	  -2.742e+11	  -2.089e+11	  -1.435e+11	  0.849632	  0.714297	 -0.394483	  0.820170	  0.414372	  0.265579	 -0.329935	  0.905876	  0.879688	  0.467401	 -0.087666	1.162692e+16	-2.461725e+16	0.000000e+00	0.000000e+00	0.000000e+00
 98.3166	       881	7.159154e+11	      647.95	      186.16	  176.96	288.626588	  193.90	  -3.165e+11	   -2.65e+11	  -2.303e+11	  0.877520	  0.698196	 -0.437090	  0.802329	  0.406473	  0.076223	 -0.417260	  0.905585	  0.896182	  0.426805	  0.121224	1.345770e+16	-2.715246e+16	0.000000e+00	0.000000e+00	0.000000e+00
