#r(1)	npart(2)	M_in_r(3)	ovdens(4)	dens(5)	vcirc(6)	vesc(7)	sigv(8)	Lx(9)	Ly(10)	Lz(11)	b(12)	c(13)	Eax(14)	Eay(15)	Eaz(16)	Ebx(17)	Eby(18)	Ebz(19)	Ecx(20)	Ecy(21)	Ecz(22)	Ekin(23)	Epot(24)	M_gas(25)	M_star(26)	U_gas(27)	
 -2.8263	         6	4.875728e+09	   185753.38	   185753.38	   86.13	1218.300949	  229.11	   -7.85e+08	  -1.543e+08	   1.744e+08	  0.000000	  0.000000	  0.000000	  0.000000	  0.000000	  0.000000	  0.000000	  0.000000	  0.000000	  0.000000	  0.000000	1.279699e+14	-1.813719e+15	0.000000e+00	0.000000e+00	0.000000e+00
 -3.5475	        10	8.126213e+09	   156567.20	   126704.80	   99.26	1217.330822	  226.44	    -4.6e+08	  -1.372e+08	  -1.035e+08	  0.000000	  0.000000	  0.000000	  0.000000	  0.000000	  0.000000	  0.000000	  0.000000	  0.000000	  0.000000	  0.000000	2.083297e+14	-3.018847e+15	0.000000e+00	0.000000e+00	0.000000e+00
 -4.4526	        16	1.300194e+10	   126688.18	    96116.87	  112.06	1215.696097	  273.43	   6.418e+08	   8.824e+08	    1.01e+09	  0.673119	  0.574481	  0.247858	  0.808404	 -0.533900	  0.967320	 -0.236920	  0.090337	  0.053462	  0.538843	  0.840708	4.860247e+14	-4.822495e+15	0.000000e+00	0.000000e+00	0.000000e+00
 -5.5886	        30	2.437864e+10	   120130.33	   113420.55	  136.97	1212.780860	  275.82	   3.539e+09	   7.897e+08	   5.308e+09	  0.891758	  0.741390	  0.020669	 -0.417073	  0.908638	  0.070546	  0.907175	  0.414797	  0.997294	 -0.055527	 -0.048173	9.273253e+14	-9.013639e+15	0.000000e+00	0.000000e+00	0.000000e+00
 -7.0146	        54	4.388155e+10	   109355.47	    98330.96	  164.02	1208.732083	  321.29	    6.79e+08	   2.752e+09	   7.186e+08	  0.863815	  0.815601	  0.948993	  0.281408	  0.142205	 -0.109341	 -0.129305	  0.985558	 -0.295732	  0.950836	  0.091940	2.264874e+15	-1.615938e+16	0.000000e+00	0.000000e+00	0.000000e+00
 -8.8043	        85	6.907281e+10	    87052.45	    64232.68	  183.68	1202.955877	  343.26	   3.242e+08	   1.109e+10	   1.025e+10	  0.835727	  0.773629	  0.558492	  0.754881	  0.343862	 -0.242952	 -0.247499	  0.937933	  0.793134	 -0.607370	  0.045173	4.069386e+15	-2.531425e+16	0.000000e+00	0.000000e+00	0.000000e+00
-11.0507	       159	1.292068e+11	    82352.07	    77542.78	  224.24	1195.029799	  366.02	   1.873e+10	   2.137e+10	   1.324e+10	  0.894755	  0.838205	  0.135234	  0.971685	 -0.193752	  0.501440	  0.101538	  0.859214	  0.854558	 -0.213350	 -0.473510	8.655058e+15	-4.693203e+16	0.000000e+00	0.000000e+00	0.000000e+00
-13.8703	       242	1.966543e+11	    63388.15	    43984.85	  246.93	1184.709017	  371.94	   1.406e+10	    1.87e+10	    1.41e+10	  0.881905	  0.814617	 -0.127187	  0.900582	 -0.415663	 -0.661422	  0.235283	  0.712154	  0.739151	  0.365506	  0.565739	1.360281e+16	-7.078477e+16	0.000000e+00	0.000000e+00	0.000000e+00
-17.4093	       396	3.217980e+11	    52456.97	    41272.52	  281.95	1171.077210	  402.36	   2.315e+10	   1.332e+10	    2.34e+10	  0.918758	  0.829306	 -0.147974	  0.939134	 -0.310049	 -0.390682	  0.232495	  0.890681	  0.908554	  0.252928	  0.332500	2.604893e+16	-1.141906e+17	0.000000e+00	0.000000e+00	0.000000e+00
 21.8512	       590	4.794466e+11	    39525.32	    26294.04	  307.18	1154.045613	  415.59	   9.327e+10	  -9.253e+09	   3.865e+09	  0.887221	  0.738817	 -0.179465	  0.929194	 -0.323096	 -0.446424	  0.215743	  0.868424	  0.876640	  0.300089	  0.376096	4.140386e+16	-1.674338e+17	0.000000e+00	0.000000e+00	0.000000e+00
 27.4265	       864	7.021048e+11	    29272.00	    18781.12	  331.80	1133.696633	  455.48	   1.022e+11	    1.38e+11	   3.285e+10	  0.878108	  0.775357	 -0.055258	  0.785149	 -0.616837	 -0.699394	  0.410466	  0.585120	  0.712597	  0.463745	  0.526447	7.282941e+16	-2.402647e+17	0.000000e+00	0.000000e+00	0.000000e+00
 34.4244	      1228	9.978989e+11	    21040.32	    12617.92	  353.08	1109.791875	  470.55	   2.223e+11	   1.188e+11	  -2.398e+11	  0.823477	  0.726717	 -0.023358	  0.755578	 -0.654643	 -0.628542	  0.498115	  0.597342	  0.777425	  0.425423	  0.463277	1.104755e+17	-3.333032e+17	0.000000e+00	0.000000e+00	0.000000e+00
 43.2077	      1689	1.372517e+12	    14635.21	     8081.70	  369.61	1082.901385	  488.02	   3.379e+11	   5.711e+11	  -2.898e+11	  0.792048	  0.691032	 -0.041721	  0.743951	 -0.666931	 -0.663338	  0.478545	  0.575306	  0.747156	  0.466403	  0.473526	1.634409e+17	-4.457138e+17	0.000000e+00	0.000000e+00	0.000000e+00
 54.2320	      2311	1.877968e+12	    10127.09	     5514.51	  385.91	1052.362393	  502.12	   7.082e+11	   1.158e+12	   1.589e+11	  0.800350	  0.691543	 -0.132171	  0.777064	 -0.615388	 -0.661795	  0.393016	  0.638409	  0.737942	  0.491640	  0.462312	2.367418e+17	-5.897714e+17	0.000000e+00	0.000000e+00	0.000000e+00
 68.0692	      3092	2.512625e+12	     6852.35	     3501.73	  398.43	1018.595593	  511.06	   1.458e+12	   1.293e+12	  -9.067e+10	  0.805583	  0.686574	 -0.099278	  0.761301	 -0.640753	 -0.621989	  0.455153	  0.637154	  0.776707	  0.461797	  0.428334	3.281283e+17	-7.597214e+17	0.000000e+00	0.000000e+00	0.000000e+00
 85.4369	      4170	3.388631e+12	     4673.60	     2444.37	  413.01	981.403568	  518.35	   3.191e+12	   6.419e+11	   3.161e+11	  0.814480	  0.684519	 -0.105495	  0.755632	 -0.646445	 -0.550684	  0.496902	  0.670698	  0.828021	  0.426742	  0.363693	4.552338e+17	-9.781689e+17	0.000000e+00	0.000000e+00	0.000000e+00
107.2360	      5556	4.514924e+12	     3149.15	     1589.37	  425.52	939.727286	  522.00	   3.218e+12	  -1.668e+12	   2.553e+12	  0.824791	  0.689123	 -0.164391	  0.794936	 -0.583997	 -0.539310	  0.423289	  0.727991	  0.825906	  0.434630	  0.359132	6.151330e+17	-1.237928e+18	0.000000e+00	0.000000e+00	0.000000e+00
134.5970	      7410	6.021524e+12	     2124.05	     1075.20	  438.63	893.451413	  525.21	   3.241e+12	  -7.531e+12	   9.891e+12	  0.817385	  0.694131	 -0.202287	  0.811689	 -0.547943	 -0.512420	  0.389081	  0.765534	  0.834569	  0.435634	  0.337220	8.304945e+17	-1.553906e+18	0.000000e+00	0.000000e+00	0.000000e+00
168.9391	      9692	7.875925e+12	     1404.99	      669.28	  447.77	842.010357	  531.54	  -1.072e+13	  -2.119e+13	   2.898e+13	  0.780539	  0.698621	 -0.298556	  0.803104	 -0.515643	 -0.416974	  0.376229	  0.827396	  0.858485	  0.462034	  0.222548	1.112610e+18	-1.902549e+18	0.000000e+00	0.000000e+00	0.000000e+00
212.0436	     12567	1.021221e+13	      921.32	      426.43	  455.11	784.778910	  531.75	   -5.06e+13	  -3.832e+13	   6.822e+13	  0.730841	  0.686536	 -0.401458	  0.722033	 -0.563471	 -0.280505	  0.488729	  0.826112	  0.871865	  0.489706	  0.006329	1.443797e+18	-2.289585e+18	0.000000e+00	0.000000e+00	0.000000e+00
266.1461	     15209	1.235916e+13	      563.89	      198.18	  446.89	723.173012	  521.20	  -7.125e+13	   -4.52e+13	   8.956e+13	  0.743541	  0.690807	 -0.369367	  0.760510	 -0.534035	 -0.307948	  0.442032	  0.842482	  0.876776	  0.475640	  0.070926	1.678670e+18	-2.595471e+18	0.000000e+00	0.000000e+00	0.000000e+00
334.0527	     18106	1.471332e+13	      339.49	      109.90	  435.23	659.357322	  508.25	  -7.299e+13	  -5.924e+13	    1.09e+14	  0.763335	  0.676362	 -0.295634	  0.827427	 -0.477457	 -0.197429	  0.436088	  0.877980	  0.934678	  0.353824	  0.034436	1.900338e+18	-2.875787e+18	0.000000e+00	0.000000e+00	0.000000e+00
419.2991	     21086	1.713493e+13	      199.93	       57.16	  419.22	592.881959	  491.58	   -5.42e+13	  -7.125e+13	    1.33e+14	  0.742809	  0.660399	 -0.239950	  0.861990	 -0.446540	 -0.080223	  0.440798	  0.894014	  0.967465	  0.250341	 -0.036619	2.070328e+18	-3.114049e+18	0.000000e+00	0.000000e+00	0.000000e+00
 -4.2085	         6	4.875728e+09	    56263.54	    56263.54	   70.59	965.472112	  368.24	   1.313e+09	  -6.262e+08	  -2.163e+09	  0.000000	  0.000000	  0.000000	  0.000000	  0.000000	  0.000000	  0.000000	  0.000000	  0.000000	  0.000000	  0.000000	3.305698e+14	-1.138314e+15	0.000000e+00	0.000000e+00	0.000000e+00
 -5.2470	        19	1.543980e+10	    91935.37	   129966.30	  112.50	963.418864	  395.02	   2.926e+09	    3.74e+08	  -1.531e+09	  0.822702	  0.592418	  0.698217	  0.715716	  0.015600	  0.663657	 -0.638952	 -0.388973	  0.268426	 -0.281941	  0.921117	1.204621e+15	-3.594836e+15	0.000000e+00	0.000000e+00	0.000000e+00
 -6.5417	        27	2.194077e+10	    67413.37	    41269.64	  120.10	960.464471	  378.31	   2.014e+09	   3.333e+08	  -1.801e+09	  0.809686	  0.613734	 -0.364840	  0.930291	 -0.038079	  0.926954	  0.359081	 -0.108710	  0.087459	  0.074959	  0.993344	1.570102e+15	-5.098288e+15	0.000000e+00	0.000000e+00	0.000000e+00
 -8.1559	        42	3.413009e+10	    54110.90	    39928.70	  134.15	956.709778	  341.59	   5.765e+08	    2.18e+09	  -3.567e+09	  0.859464	  0.704781	  0.381840	  0.921008	  0.077087	  0.713343	 -0.346720	  0.609038	 -0.587656	  0.177565	  0.789386	1.991187e+15	-7.895764e+15	0.000000e+00	0.000000e+00	0.000000e+00
-10.1684	        69	5.607087e+10	    45870.96	    37086.08	  154.00	952.251678	  347.56	   3.652e+09	  -5.824e+08	    1.79e+09	  0.913819	  0.684789	  0.266919	  0.962515	 -0.048162	  0.852317	 -0.212445	  0.477937	 -0.449789	  0.168620	  0.877073	3.386614e+15	-1.289101e+16	0.000000e+00	0.000000e+00	0.000000e+00
-12.6776	       124	1.007650e+11	    42536.68	    38981.90	  184.89	945.773510	  352.68	   9.269e+09	  -2.226e+10	  -7.221e+09	  0.891406	  0.775304	  0.730441	  0.233616	  0.641778	 -0.049305	  0.955265	 -0.291613	 -0.681194	  0.181363	  0.709283	6.266872e+15	-2.294378e+16	0.000000e+00	0.000000e+00	0.000000e+00
-15.8059	       202	1.641495e+11	    35755.80	    28526.48	  211.34	936.577587	  365.22	  -2.195e+09	  -3.845e+10	  -5.486e+10	  0.984411	  0.872093	 -0.046538	  0.998463	  0.030096	  0.648783	  0.007303	  0.760938	  0.759549	  0.054938	 -0.648126	1.094776e+16	-3.697425e+16	0.000000e+00	0.000000e+00	0.000000e+00
-19.7061	       325	2.641019e+11	    29684.64	    23211.97	  240.08	924.418121	  375.21	  -4.231e+10	  -2.658e+10	  -6.908e+10	  0.952170	  0.828740	  0.151093	  0.968249	  0.199158	  0.743871	 -0.244053	  0.622170	 -0.651020	 -0.054142	  0.757127	1.859062e+16	-5.861923e+16	0.000000e+00	0.000000e+00	0.000000e+00
 24.5688	       464	3.770563e+11	    21868.53	    13535.52	  256.91	909.527544	  385.90	  -9.773e+10	  -9.056e+10	  -9.196e+10	  0.907813	  0.799122	  0.358970	  0.908177	  0.215303	  0.705398	 -0.415038	  0.574593	 -0.611191	  0.054388	  0.789612	2.807490e+16	-8.236637e+16	0.000000e+00	0.000000e+00	0.000000e+00
 30.6313	       656	5.330796e+11	    15953.60	     9647.49	  273.58	892.336631	  398.25	    1.31e+11	  -5.285e+10	  -1.512e+11	  0.925495	  0.843745	  0.166786	  0.965781	  0.198619	  0.730960	 -0.256303	  0.632460	 -0.661725	 -0.039697	  0.748695	4.227458e+16	-1.140115e+17	0.000000e+00	0.000000e+00	0.000000e+00
 38.1899	       940	7.638640e+11	    11796.03	     7363.51	  293.29	872.297222	  408.88	   1.911e+11	   3.399e+10	  -2.524e+11	  0.889930	  0.815700	  0.125300	  0.989890	  0.066458	  0.608356	 -0.129575	  0.783015	  0.783711	 -0.057682	 -0.618442	6.385199e+16	-1.589130e+17	0.000000e+00	0.000000e+00	0.000000e+00
 47.6135	      1288	1.046656e+12	     8340.21	     4655.85	  307.47	849.219418	  417.69	   4.726e+11	   9.602e+10	   2.722e+10	  0.880438	  0.805904	  0.005167	  0.986556	 -0.163343	  0.867251	  0.076900	  0.491897	 -0.497844	  0.144201	  0.855194	9.130275e+16	-2.112373e+17	0.000000e+00	0.000000e+00	0.000000e+00
 59.3625	      1747	1.419649e+12	     5837.24	     3168.73	  320.70	823.117510	  419.96	   6.644e+11	   4.759e+11	   2.719e+11	  0.850923	  0.773481	 -0.036207	  0.991894	 -0.121803	  0.872194	  0.090861	  0.480648	 -0.487819	  0.088833	  0.868413	1.251882e+17	-2.764134e+17	0.000000e+00	0.000000e+00	0.000000e+00
 74.0107	      2368	1.924287e+12	     4082.72	     2212.17	  334.39	793.724233	  426.84	   4.574e+11	   5.596e+11	   1.655e+12	  0.863488	  0.762849	  0.021913	  0.990900	 -0.132807	  0.911412	  0.034799	  0.410022	 -0.410912	  0.130027	  0.902355	1.752935e+17	-3.588564e+17	0.000000e+00	0.000000e+00	0.000000e+00
 92.2735	      3168	2.574384e+12	     2818.42	     1470.51	  346.39	760.686976	  428.73	   7.881e+11	     1.3e+12	   3.248e+12	  0.852018	  0.741852	 -0.013417	  0.989032	 -0.147088	  0.919659	  0.069946	  0.386438	 -0.392488	  0.130086	  0.910511	2.365986e+17	-4.570900e+17	0.000000e+00	0.000000e+00	0.000000e+00
115.0428	      4153	3.374816e+12	     1906.50	      934.26	  355.19	724.027198	  429.49	   1.431e+12	   2.437e+12	   5.621e+12	  0.815118	  0.714196	  0.042409	  0.987880	 -0.149313	  0.938257	  0.011977	  0.345732	 -0.343330	  0.154756	  0.926377	3.112562e+17	-5.673486e+17	0.000000e+00	0.000000e+00	0.000000e+00
143.4305	      5372	4.365402e+12	     1272.52	      596.61	  361.79	683.863577	  427.49	   3.755e+11	   6.029e+12	   9.213e+12	  0.771256	  0.692079	  0.138543	  0.984698	 -0.105711	  0.937291	 -0.095899	  0.335094	 -0.319829	  0.145507	  0.936236	3.988867e+17	-6.897681e+17	0.000000e+00	0.000000e+00	0.000000e+00
178.8232	      6802	5.527450e+12	      831.41	      361.14	  364.60	639.717559	  422.96	  -1.651e+12	   9.785e+12	    1.13e+13	  0.738547	  0.661040	  0.127220	  0.983524	 -0.128433	  0.931773	 -0.074117	  0.355395	 -0.340020	  0.164884	  0.925851	4.944187e+17	-8.171483e+17	0.000000e+00	0.000000e+00	0.000000e+00
222.9493	      8315	6.756946e+12	      524.44	      197.17	  361.03	592.490181	  417.19	  -2.975e+12	   1.586e+13	   1.237e+13	  0.707488	  0.642604	  0.173480	  0.974498	 -0.142334	  0.873315	 -0.085417	  0.479609	 -0.455220	  0.207505	  0.865862	5.880172e+17	-9.338467e+17	0.000000e+00	0.000000e+00	0.000000e+00
277.9638	      9988	8.116461e+12	      325.06	      112.50	  354.37	542.795012	  409.96	  -1.159e+12	   1.836e+13	   1.062e+13	  0.693674	  0.627369	  0.158956	  0.964517	 -0.210807	  0.944743	 -0.086594	  0.316168	 -0.286695	  0.249415	  0.924985	6.820593e+17	-1.043149e+18	0.000000e+00	0.000000e+00	0.000000e+00
346.5673	     11907	9.675882e+12	      199.94	       66.57	  346.51	490.051769	  400.81	  -1.825e+12	    2.32e+13	   6.986e+12	  0.710667	  0.627678	  0.151392	  0.967546	 -0.202324	  0.985016	 -0.130563	  0.112676	 -0.082603	  0.216351	  0.972815	7.772176e+17	-1.147766e+18	0.000000e+00	0.000000e+00	0.000000e+00
 -4.1239	         9	7.313592e+09	    89698.31	    89698.31	   87.33	856.714314	  292.36	  -8.469e+07	  -1.498e+09	  -2.278e+09	  0.000000	  0.000000	  0.000000	  0.000000	  0.000000	  0.000000	  0.000000	  0.000000	  0.000000	  0.000000	  0.000000	3.125718e+14	-1.346529e+15	0.000000e+00	0.000000e+00	0.000000e+00
 -5.1643	        17	1.381456e+10	    86269.20	    82711.93	  107.26	854.532494	  314.49	   9.721e+08	  -3.008e+09	  -4.597e+09	  0.762630	  0.614924	  0.945457	  0.300037	  0.126842	 -0.216778	  0.288878	  0.932500	 -0.243142	  0.909136	 -0.338163	6.831461e+14	-2.535604e+15	0.000000e+00	0.000000e+00	0.000000e+00
 -6.4674	        31	2.519126e+10	    80100.21	    73700.65	  129.43	850.302475	  371.85	  -1.437e+09	  -7.273e+09	  -7.692e+08	  0.859040	  0.588635	  0.689849	 -0.554314	 -0.465665	  0.723387	  0.502353	  0.473659	 -0.028627	 -0.663610	  0.747531	1.741616e+15	-4.603682e+15	0.000000e+00	0.000000e+00	0.000000e+00
 -8.0991	        45	3.656796e+10	    59203.80	    37526.36	  139.35	846.378060	  374.63	  -3.971e+08	  -5.018e+09	  -2.105e+08	  0.884248	  0.874749	  0.861441	 -0.199308	 -0.467114	  0.451816	 -0.119240	  0.884106	  0.231908	  0.972655	  0.012668	2.566067e+15	-6.648785e+15	0.000000e+00	0.000000e+00	0.000000e+00
-10.1426	        68	5.525825e+10	    45552.38	    31390.72	  153.07	840.701837	  376.46	  -3.477e+09	  -1.428e+10	   1.036e+10	  0.924948	  0.741488	 -0.481191	  0.831079	  0.278861	 -0.406584	 -0.493413	  0.768917	  0.776624	  0.256616	  0.575329	3.915590e+15	-9.970208e+15	0.000000e+00	0.000000e+00	0.000000e+00
-12.7017	       118	9.588931e+10	    40248.46	    34746.30	  180.19	833.667967	  362.68	  -2.547e+09	  -8.836e+09	   2.553e+10	  0.884069	  0.795119	 -0.439950	  0.749686	 -0.494384	 -0.679505	  0.082024	  0.729071	  0.587125	  0.656691	  0.473329	6.306403e+15	-1.707924e+16	0.000000e+00	0.000000e+00	0.000000e+00
-15.9064	       188	1.527728e+11	    32650.53	    24768.61	  203.24	823.706961	  347.06	  -1.769e+10	   6.636e+09	   4.761e+10	  0.843759	  0.689642	  0.511677	 -0.689712	  0.512332	 -0.806293	 -0.179492	  0.563626	  0.296780	  0.701484	  0.647952	9.200778e+15	-2.684264e+16	0.000000e+00	0.000000e+00	0.000000e+00
-19.9198	       300	2.437864e+11	    26528.87	    20178.40	  229.42	810.994449	  354.27	   -2.96e+10	   3.389e+10	   1.213e+11	  0.846937	  0.752966	 -0.355297	  0.829701	 -0.430536	  0.934749	  0.316700	 -0.161072	 -0.002709	  0.459672	  0.888085	1.529858e+16	-4.203667e+16	0.000000e+00	0.000000e+00	0.000000e+00
 24.9457	       442	3.591786e+11	    19901.46	    13026.33	  248.84	795.158335	  360.29	  -6.592e+10	   7.967e+10	   1.876e+11	  0.835487	  0.753331	 -0.496808	  0.760331	 -0.418424	 -0.823443	 -0.260709	  0.503957	  0.274087	  0.594918	  0.755612	2.331245e+16	-6.060683e+16	0.000000e+00	0.000000e+00	0.000000e+00
 31.2398	       652	5.298291e+11	    14947.73	     9808.85	  270.07	775.829624	  366.48	  -1.031e+11	   9.166e+10	   2.572e+11	  0.813949	  0.743663	 -0.571546	  0.729541	 -0.375640	  0.819380	  0.532050	 -0.213397	 -0.044177	  0.429758	  0.901863	3.558015e+16	-8.691360e+16	0.000000e+00	0.000000e+00	0.000000e+00
 39.1219	       921	7.484242e+11	    10751.09	     6397.59	  286.83	752.985319	  368.15	  -1.517e+11	    1.62e+11	   3.142e+11	  0.801467	  0.693295	 -0.395029	  0.842614	 -0.365997	  0.918446	  0.371002	 -0.137165	 -0.020209	  0.390333	  0.920452	5.071801e+16	-1.188500e+17	0.000000e+00	0.000000e+00	0.000000e+00
 48.9927	      1255	1.019840e+12	     7459.36	     4044.60	  299.20	726.882993	  371.82	   -1.23e+11	    1.39e+11	   4.033e+11	  0.796752	  0.668423	 -0.359286	  0.848760	 -0.387969	  0.930455	  0.293775	 -0.218974	  0.071881	  0.439662	  0.895282	7.049591e+16	-1.559618e+17	0.000000e+00	0.000000e+00	0.000000e+00
 61.3540	      1665	1.353014e+12	     5038.92	     2528.01	  307.96	697.601474	  369.78	  -4.113e+11	  -1.317e+11	   5.031e+11	  0.756109	  0.643039	 -0.393726	  0.837309	 -0.379332	  0.915037	  0.317642	 -0.248619	  0.087679	  0.444990	  0.891233	9.250411e+16	-1.982106e+17	0.000000e+00	0.000000e+00	0.000000e+00
 76.8342	      2201	1.788579e+12	     3391.63	     1682.77	  316.41	665.322316	  368.06	  -3.586e+11	  -3.859e+11	    6.95e+11	  0.748856	  0.640404	 -0.351992	  0.859620	 -0.370344	  0.935577	  0.311177	 -0.166930	  0.028254	  0.405243	  0.913772	1.211504e+17	-2.488254e+17	0.000000e+00	0.000000e+00	0.000000e+00
 96.2202	      2797	2.272902e+12	     2194.55	      952.73	  318.73	630.277258	  366.71	  -4.653e+11	  -7.296e+11	   4.577e+11	  0.764422	  0.641665	 -0.333064	  0.868342	 -0.367491	  0.924450	  0.223991	 -0.308579	  0.185637	  0.442504	  0.877342	1.528233e+17	-2.995869e+17	0.000000e+00	0.000000e+00	0.000000e+00
120.4975	      3537	2.874241e+12	     1413.04	      602.31	  320.29	592.751912	  365.61	   4.319e+11	  -1.126e+12	   2.484e+11	  0.815791	  0.680710	 -0.234050	  0.881387	 -0.410338	  0.960790	  0.145145	 -0.236253	  0.148672	  0.449543	  0.880799	1.921040e+17	-3.557270e+17	0.000000e+00	0.000000e+00	0.000000e+00
150.9001	      4320	3.510524e+12	      878.75	      324.50	  316.31	552.820919	  362.13	   2.039e+12	  -8.449e+11	  -2.909e+11	  0.854233	  0.721267	 -0.182633	  0.900818	 -0.393918	  0.968048	  0.094732	 -0.232184	  0.171839	  0.423736	  0.889336	2.301796e+17	-4.079692e+17	0.000000e+00	0.000000e+00	0.000000e+00
188.9736	      5348	4.345899e+12	      553.91	      216.93	  314.49	510.844571	  356.24	   8.195e+12	  -2.823e+12	   2.398e+12	  0.853018	  0.699381	  0.077397	  0.906464	 -0.415130	  0.979264	 -0.147305	 -0.139076	  0.187219	  0.395758	  0.899069	2.757571e+17	-4.667894e+17	0.000000e+00	0.000000e+00	0.000000e+00
236.6534	      6472	5.259285e+12	      341.31	      120.77	  309.15	465.818954	  351.27	   2.327e+13	  -1.072e+13	   7.095e+12	  0.828239	  0.676507	  0.269175	  0.885251	 -0.379309	  0.949711	 -0.309405	 -0.048149	  0.159984	  0.347274	  0.924016	3.244801e+17	-5.215491e+17	0.000000e+00	0.000000e+00	0.000000e+00
296.3769	      7448	6.052403e+12	      199.97	       53.38	  296.35	419.115448	  344.44	    3.31e+13	  -1.255e+13	   9.819e+12	  0.851762	  0.694615	  0.295896	  0.870780	 -0.392667	  0.941727	 -0.334778	 -0.032761	  0.159983	  0.360092	  0.919097	3.590270e+17	-5.604542e+17	0.000000e+00	0.000000e+00	0.000000e+00
 -3.4511	         4	3.250485e+09	    68019.79	    68019.79	   63.64	670.944699	  178.77	   2.578e+08	  -3.302e+08	  -4.294e+08	  0.000000	  0.000000	  0.000000	  0.000000	  0.000000	  0.000000	  0.000000	  0.000000	  0.000000	  0.000000	  0.000000	5.193813e+13	-3.751774e+14	0.000000e+00	0.000000e+00	0.000000e+00
 -4.4254	         6	4.875728e+09	    48389.83	    30681.16	   68.84	669.393987	  187.59	   1.019e+09	   5.491e+08	   1.108e+08	  0.000000	  0.000000	  0.000000	  0.000000	  0.000000	  0.000000	  0.000000	  0.000000	  0.000000	  0.000000	  0.000000	8.579025e+13	-5.576538e+14	0.000000e+00	0.000000e+00	0.000000e+00
 -5.6747	        10	8.126213e+09	    38249.91	    29102.44	   78.48	667.508220	  235.17	  -1.225e+09	   2.153e+09	   1.019e+09	  0.000000	  0.000000	  0.000000	  0.000000	  0.000000	  0.000000	  0.000000	  0.000000	  0.000000	  0.000000	  0.000000	2.247059e+14	-9.205153e+14	0.000000e+00	0.000000e+00	0.000000e+00
 -7.2766	        16	1.300194e+10	    29025.39	    20703.71	   87.66	665.082654	  240.43	  -4.081e+09	   5.708e+08	   2.207e+08	  0.820191	  0.732217	 -0.638379	  0.759224	  0.126695	  0.566013	  0.574575	 -0.591179	  0.521633	  0.305685	  0.796527	3.758079e+14	-1.461498e+15	0.000000e+00	0.000000e+00	0.000000e+00
 -9.3309	        40	3.250485e+10	    34414.83	    39276.78	  122.40	660.658808	  273.25	   4.576e+08	   5.318e+09	  -9.328e+09	  0.860985	  0.718899	 -0.147169	  0.569508	  0.808704	 -0.710671	  0.507790	 -0.486926	  0.687960	  0.646383	 -0.330002	1.213482e+15	-3.606526e+15	0.000000e+00	0.000000e+00	0.000000e+00
-11.9650	        77	6.257184e+10	    31419.84	    28717.98	  149.97	653.937924	  262.00	  -1.843e+09	    7.55e+09	  -2.357e+10	  0.824761	  0.747652	  0.142116	  0.612041	  0.777952	  0.919337	 -0.372935	  0.125457	  0.366910	  0.697370	 -0.615672	2.147637e+15	-6.852966e+15	0.000000e+00	0.000000e+00	0.000000e+00
-15.3428	       114	9.263883e+10	    22062.04	    13620.14	  161.14	644.934906	  263.34	   6.043e+09	    7.61e+09	  -4.273e+10	  0.886723	  0.782193	 -0.088619	  0.861400	  0.500136	  0.720750	 -0.291114	  0.629104	  0.687507	  0.416224	 -0.595056	3.212201e+15	-1.001962e+16	0.000000e+00	0.000000e+00	0.000000e+00
-19.6741	       191	1.552107e+11	    17530.80	    13443.06	  184.20	632.931404	  277.49	  -3.154e+09	  -1.658e+10	  -5.607e+10	  0.884467	  0.731211	 -0.152349	  0.954220	  0.257397	  0.455364	 -0.163376	  0.875187	  0.877173	  0.250544	 -0.409628	5.975460e+15	-1.641139e+16	0.000000e+00	0.000000e+00	0.000000e+00
 25.2281	       317	2.576009e+11	    13799.24	    10432.91	  209.55	617.365598	  292.56	  -3.257e+10	  -1.732e+10	  -1.341e+11	  0.962063	  0.868616	 -0.006834	  0.999750	 -0.021310	  0.232983	  0.022316	  0.972225	  0.972457	  0.001680	 -0.233077	1.102424e+16	-2.642747e+16	0.000000e+00	0.000000e+00	0.000000e+00
 32.3501	       463	3.762437e+11	     9558.83	     5733.44	  223.65	598.225147	  301.49	  -4.362e+10	     1.6e+10	  -2.743e+11	  0.942510	  0.843409	  0.173060	  0.980772	 -0.090202	  0.593055	 -0.030649	  0.804579	  0.786344	 -0.192736	 -0.586956	1.709931e+16	-3.736460e+16	0.000000e+00	0.000000e+00	0.000000e+00
 41.4827	       635	5.160145e+11	     6217.63	     3203.45	  231.29	576.143371	  301.79	   1.386e+10	   2.916e+10	  -3.985e+11	  0.899487	  0.765584	  0.193607	  0.974114	  0.116699	  0.630319	 -0.214657	  0.746070	  0.751808	 -0.070886	 -0.655561	2.349818e+16	-4.942117e+16	0.000000e+00	0.000000e+00	0.000000e+00
 53.1934	       918	7.459863e+11	     4263.06	     2499.79	  245.59	551.037916	  305.51	  -8.758e+10	   1.465e+11	  -1.077e+12	  0.855191	  0.707612	  0.247469	  0.958152	  0.143886	  0.624114	 -0.271231	  0.732745	  0.741107	 -0.091531	 -0.665118	3.481478e+16	-6.768341e+16	0.000000e+00	0.000000e+00	0.000000e+00
 68.2101	      1295	1.052345e+12	     2852.17	     1579.38	  257.59	521.727886	  307.19	   1.912e+11	   6.324e+10	  -2.168e+12	  0.832812	  0.661795	  0.446479	  0.854414	  0.265768	  0.612353	 -0.508330	  0.605496	 -0.652442	  0.107598	  0.750162	4.965233e+16	-8.968446e+16	0.000000e+00	0.000000e+00	0.000000e+00
 87.4660	      1741	1.414774e+12	     1818.58	      886.15	  263.75	488.258770	  309.19	   6.254e+11	   2.205e+11	  -4.757e+12	  0.786587	  0.623780	  0.508308	  0.823514	  0.251886	  0.711016	 -0.566349	  0.416779	 -0.485879	  0.032757	  0.873412	6.762395e+16	-1.127437e+17	0.000000e+00	0.000000e+00	0.000000e+00
112.1580	      2173	1.765826e+12	     1076.52	      407.08	  260.21	451.957047	  309.53	   8.759e+11	   2.322e+11	  -7.591e+12	  0.797816	  0.604665	  0.572343	  0.780999	  0.249928	  0.704932	 -0.624315	  0.336604	 -0.418921	  0.016471	  0.907873	8.459059e+16	-1.321515e+17	0.000000e+00	0.000000e+00	0.000000e+00
143.8206	      2635	2.141257e+12	      619.11	      206.48	  253.04	413.980177	  306.42	   8.827e+11	  -1.577e+10	  -1.104e+13	  0.779590	  0.594893	  0.506428	  0.839181	  0.198258	  0.734603	 -0.540283	  0.410431	 -0.451541	  0.062213	  0.890079	1.005278e+17	-1.497471e+17	0.000000e+00	0.000000e+00	0.000000e+00
184.4216	      3146	2.556507e+12	      350.57	      108.31	  244.17	374.896266	  299.55	  -1.721e+11	   2.596e+11	  -1.387e+13	  0.790590	  0.615052	  0.390204	  0.901823	  0.185627	  0.803339	 -0.431971	  0.409935	 -0.449874	  0.010837	  0.893026	1.146990e+17	-1.659747e+17	0.000000e+00	0.000000e+00	0.000000e+00
236.4980	      3783	3.074146e+12	      199.90	       64.01	  236.44	334.382019	  292.62	   1.086e+12	   1.294e+12	  -2.467e+13	  0.759849	  0.608407	  0.421251	  0.878562	  0.225116	  0.832964	 -0.472971	  0.287174	 -0.358774	 -0.066542	  0.931050	1.316099e+17	-1.822387e+17	0.000000e+00	0.000000e+00	0.000000e+00
 -4.6932	         5	4.063106e+09	    33807.27	    33807.27	   61.02	506.839428	  110.98	  -6.289e+08	   5.629e+07	  -1.061e+08	  0.000000	  0.000000	  0.000000	  0.000000	  0.000000	  0.000000	  0.000000	  0.000000	  0.000000	  0.000000	  0.000000	2.502343e+13	-2.660383e+14	0.000000e+00	0.000000e+00	0.000000e+00
 -5.9962	         9	7.313592e+09	    29178.22	    24914.04	   72.43	505.255430	  102.09	  -8.977e+07	   -3.42e+08	   -3.92e+08	  0.000000	  0.000000	  0.000000	  0.000000	  0.000000	  0.000000	  0.000000	  0.000000	  0.000000	  0.000000	  0.000000	3.811053e+13	-4.739085e+14	0.000000e+00	0.000000e+00	0.000000e+00
 -7.6610	        26	2.112815e+10	    40417.17	    50770.25	  108.91	501.179679	  144.01	  -5.799e+08	  -7.824e+08	  -1.653e+09	  0.919788	  0.701875	  0.296976	  0.811015	 -0.504044	 -0.953713	  0.225781	 -0.198631	 -0.047289	  0.539702	  0.840527	2.190758e+14	-1.349313e+15	0.000000e+00	0.000000e+00	0.000000e+00
 -9.7880	        39	3.169223e+10	    29069.22	    18615.72	  118.00	494.671088	  163.86	   1.475e+09	  -4.771e+08	  -2.474e+09	  0.830538	  0.761804	 -0.399893	 -0.587607	  0.703422	  0.641393	  0.368835	  0.672738	  0.654753	 -0.720193	 -0.229392	4.254547e+14	-2.005563e+15	0.000000e+00	0.000000e+00	0.000000e+00
-12.5055	        59	4.794466e+10	    21086.13	    13732.28	  128.41	486.686833	  193.86	   1.991e+09	  -5.625e+09	   1.335e+09	  0.905516	  0.731368	 -0.190329	  0.829421	 -0.525201	  0.975532	  0.099813	 -0.195897	  0.110059	  0.549635	  0.828123	9.009617e+14	-2.984974e+15	0.000000e+00	0.000000e+00	0.000000e+00
-15.9776	        96	7.801164e+10	    16451.00	    12181.22	  144.91	477.813867	  190.42	    5.07e+09	  -1.084e+10	   5.756e+09	  0.894046	  0.739232	  0.389084	  0.855740	 -0.341063	  0.903662	 -0.426458	 -0.039105	  0.178912	  0.292990	  0.939227	1.414382e+15	-4.734069e+15	0.000000e+00	0.000000e+00	0.000000e+00
-20.4135	       147	1.194553e+11	    12078.55	     8050.73	  158.64	466.456734	  208.80	   3.013e+09	  -1.927e+10	   1.803e+10	  0.944731	  0.836838	  0.977345	 -0.109517	  0.181116	  0.142466	  0.973243	 -0.180281	 -0.156526	  0.202000	  0.966797	2.603951e+15	-7.040042e+15	0.000000e+00	0.000000e+00	0.000000e+00
 26.0811	       214	1.739010e+11	     8431.16	     5071.26	  169.34	452.257082	  215.87	   3.285e+10	   6.403e+09	   2.278e+10	  0.893179	  0.822006	  0.977106	 -0.064522	  0.202732	 -0.169765	  0.337883	  0.925751	  0.128231	  0.938974	 -0.319194	4.051752e+15	-9.905949e+15	0.000000e+00	0.000000e+00	0.000000e+00
 33.3222	       298	2.421611e+11	     5629.45	     3048.57	  176.79	435.568748	  223.14	    4.86e+10	  -3.752e+10	  -2.262e+10	  0.898559	  0.827527	  0.749686	 -0.030475	  0.661092	 -0.611957	  0.348384	  0.710026	  0.251951	  0.936857	 -0.242529	6.028809e+15	-1.326971e+16	0.000000e+00	0.000000e+00	0.000000e+00
 42.5738	       413	3.356126e+11	     3740.90	     2001.21	  184.13	416.798984	  232.75	   1.384e+11	   2.329e+10	  -1.487e+11	  0.825976	  0.784317	  0.820510	  0.106237	  0.561673	 -0.526816	  0.521912	  0.670874	  0.221873	  0.846358	 -0.484202	9.090242e+15	-1.750576e+16	0.000000e+00	0.000000e+00	0.000000e+00
 54.3939	       529	4.298767e+11	     2297.51	      967.89	  184.36	396.449620	  238.87	   2.011e+11	  -1.262e+11	  -1.118e+11	  0.814733	  0.737778	  0.844856	 -0.049330	  0.532714	 -0.340886	  0.717796	  0.607096	  0.412328	  0.694504	 -0.589619	1.226460e+16	-2.140365e+16	0.000000e+00	0.000000e+00	0.000000e+00
 69.4957	       705	5.728980e+11	     1468.14	      704.14	  188.29	374.206259	  248.69	   2.953e+10	  -6.339e+11	  -3.108e+10	  0.776046	  0.665479	  0.947188	 -0.077580	  0.311152	 -0.214787	  0.567013	  0.795212	  0.238120	  0.820047	 -0.520405	1.771647e+16	-2.671798e+16	0.000000e+00	0.000000e+00	0.000000e+00
 88.7904	       919	7.467990e+11	      917.64	      410.52	  190.19	350.226317	  252.28	   1.975e+10	  -8.883e+11	   1.517e+11	  0.696022	  0.593294	  0.911123	 -0.116386	  0.395360	 -0.244570	  0.619444	  0.745972	  0.331725	  0.776365	 -0.535925	2.376433e+16	-3.240758e+16	0.000000e+00	0.000000e+00	0.000000e+00
113.4420	      1255	1.019840e+12	      600.86	      309.06	  196.63	322.664008	  250.45	  -2.731e+11	  -1.707e+12	   4.866e+11	  0.643400	  0.567930	  0.921646	 -0.053339	  0.384349	 -0.229417	  0.723943	  0.650595	  0.312949	  0.687795	 -0.654982	3.198550e+16	-4.016793e+16	0.000000e+00	0.000000e+00	0.000000e+00
144.9378	      1518	1.233559e+12	      348.48	      115.99	  191.32	292.473309	  246.01	  -3.131e+11	  -1.846e+12	   5.876e+11	  0.653795	  0.603034	  0.920495	  0.030574	  0.389557	 -0.325064	  0.613158	  0.719979	  0.216848	  0.789368	 -0.574347	3.732871e+16	-4.521539e+16	0.000000e+00	0.000000e+00	0.000000e+00
185.1917	      1812	1.472470e+12	      199.41	       62.15	  184.92	261.523265	  240.08	  -6.495e+11	  -1.451e+12	    5.92e+11	  0.669048	  0.574396	  0.893348	  0.114845	  0.434442	 -0.442700	  0.390824	  0.807015	  0.077109	  0.913273	 -0.399984	4.243437e+16	-4.978360e+16	0.000000e+00	0.000000e+00	0.000000e+00
 -3.1059	         4	3.250485e+09	    93314.88	    93314.88	   67.09	527.138849	  121.76	   3.497e+08	  -3.029e+07	  -1.474e+08	  0.000000	  0.000000	  0.000000	  0.000000	  0.000000	  0.000000	  0.000000	  0.000000	  0.000000	  0.000000	  0.000000	2.409635e+13	-2.285058e+14	0.000000e+00	0.000000e+00	0.000000e+00
 -4.0742	        10	8.126213e+09	   103352.92	   111337.42	   92.62	521.997201	  178.12	   6.051e+08	  -3.512e+08	  -2.783e+07	  0.000000	  0.000000	  0.000000	  0.000000	  0.000000	  0.000000	  0.000000	  0.000000	  0.000000	  0.000000	  0.000000	1.289132e+14	-5.643198e+14	0.000000e+00	0.000000e+00	0.000000e+00
 -5.3444	        11	8.938834e+09	    50367.13	     8220.94	   84.81	519.550761	  195.29	   2.701e+08	   8.811e+08	  -5.062e+08	  0.707618	  0.663686	 -0.580631	  0.173647	  0.795434	  0.803840	 -0.032847	  0.593938	  0.129263	  0.984260	 -0.120512	1.704511e+14	-6.191581e+14	0.000000e+00	0.000000e+00	0.000000e+00
 -7.0106	        22	1.787767e+10	    44628.17	    40063.25	  104.72	515.542808	  200.96	  -2.537e+09	   4.273e+08	   1.689e+09	  0.991903	  0.539646	 -0.011036	  0.966537	 -0.256290	 -0.430735	  0.226712	  0.873538	  0.902411	  0.120034	  0.413819	3.609844e+14	-1.217483e+15	0.000000e+00	0.000000e+00	0.000000e+00
 -9.1963	        45	3.656796e+10	    40441.82	    37111.90	  130.77	508.366786	  209.18	  -3.611e+09	  -1.472e+09	  -1.018e+08	  0.869643	  0.769542	 -0.125491	 -0.575802	  0.807901	 -0.139299	  0.816498	  0.560292	  0.982267	  0.042228	  0.182672	8.000328e+14	-2.439108e+15	0.000000e+00	0.000000e+00	0.000000e+00
-12.0633	        58	4.713203e+10	    23092.88	     9293.10	  129.63	499.587296	  208.56	  -4.082e+09	  -2.365e+09	  -1.301e+09	  0.842098	  0.799661	 -0.047178	 -0.603637	  0.795862	  0.309096	  0.748822	  0.586281	  0.949860	 -0.273657	 -0.151253	1.025019e+15	-3.107811e+15	0.000000e+00	0.000000e+00	0.000000e+00
-15.8243	        99	8.044951e+10	    17462.93	    12984.73	  147.87	488.925613	  208.94	  -8.367e+09	   3.183e+09	   6.362e+09	  0.787943	  0.709312	 -0.127954	  0.762126	 -0.634659	  0.268520	  0.642640	  0.717573	  0.954738	 -0.078603	 -0.286875	1.756075e+15	-5.143766e+15	0.000000e+00	0.000000e+00	0.000000e+00
-20.7577	       164	1.332699e+11	    12816.15	     9119.99	  166.17	474.270219	  215.67	   9.429e+08	  -2.461e+10	   5.184e+08	  0.821009	  0.761507	  0.337238	  0.754202	 -0.563427	  0.321678	  0.470148	  0.821878	  0.884756	 -0.458411	 -0.084059	3.099430e+15	-8.219370e+15	0.000000e+00	0.000000e+00	0.000000e+00
 27.2292	       252	2.047806e+11	     8724.61	     5470.10	  179.84	456.737503	  229.20	   -1.57e+10	  -1.176e+10	    2.85e+10	  0.873302	  0.833862	  0.215737	  0.871625	 -0.440145	  0.974566	 -0.220203	  0.041612	  0.060652	  0.437927	  0.896962	5.378685e+15	-1.209064e+16	0.000000e+00	0.000000e+00	0.000000e+00
 35.7184	       367	2.982320e+11	     5629.16	     3166.96	  189.50	436.233979	  234.52	   -2.06e+10	  -5.066e+10	   2.365e+10	  0.801392	  0.723679	  0.116289	  0.931365	 -0.345016	  0.988272	 -0.073890	  0.133635	 -0.098969	  0.356510	  0.929035	8.201232e+15	-1.673999e+16	0.000000e+00	0.000000e+00	0.000000e+00
 46.8541	       535	4.347524e+11	     3635.49	     2049.68	  199.76	411.965280	  236.59	  -1.135e+10	  -1.379e+11	   4.167e+10	  0.836341	  0.778112	  0.134714	  0.933574	 -0.332102	 -0.814298	  0.295273	  0.499732	  0.564597	  0.203109	  0.799985	1.216774e+16	-2.286855e+16	0.000000e+00	0.000000e+00	0.000000e+00
 61.4616	       698	5.672097e+11	     2101.34	      881.04	  199.22	384.586647	  239.20	  -3.902e+09	  -2.231e+11	   2.627e+11	  0.947041	  0.783517	 -0.106763	  0.978501	 -0.176458	  0.956476	  0.052598	 -0.287032	  0.271579	  0.199422	  0.941528	1.622742e+16	-2.813508e+16	0.000000e+00	0.000000e+00	0.000000e+00
 80.6232	       927	7.532999e+11	     1236.38	      548.37	  200.46	354.861123	  235.79	  -1.003e+11	  -1.466e+11	   5.144e+11	  0.950844	  0.780221	  0.073198	  0.957405	 -0.279315	  0.953966	 -0.148889	 -0.260346	  0.290844	  0.247401	  0.924231	2.093973e+16	-3.449885e+16	0.000000e+00	0.000000e+00	0.000000e+00
105.7586	      1176	9.556426e+11	      694.88	      264.16	  197.13	323.705777	  228.05	   1.587e+11	  -1.616e+11	   1.073e+12	  0.948785	  0.784547	  0.168391	  0.957146	 -0.235617	  0.928939	 -0.234046	 -0.286871	  0.329722	  0.170567	  0.928542	2.484940e+16	-4.028412e+16	0.000000e+00	0.000000e+00	0.000000e+00
138.7305	      1408	1.144171e+12	      368.59	      109.04	  188.33	290.635904	  221.62	   1.439e+11	  -6.495e+10	   1.536e+12	  0.922555	  0.798859	  0.338199	  0.931463	 -0.134154	  0.868107	 -0.363828	 -0.337668	  0.363335	  0.002261	  0.931656	2.809762e+16	-4.476081e+16	0.000000e+00	0.000000e+00	0.000000e+00
181.9954	      1721	1.398521e+12	      199.55	       65.15	  181.79	257.100258	  213.46	   5.259e+11	  -3.403e+10	   2.132e+12	  0.927970	  0.837648	  0.592730	  0.798930	 -0.101889	  0.764413	 -0.597889	 -0.241251	  0.253662	 -0.065111	  0.965099	3.186136e+16	-4.947393e+16	0.000000e+00	0.000000e+00	0.000000e+00
 -2.2669	         5	4.063106e+09	   299995.36	   299995.36	   87.80	543.160547	  135.50	   1.858e+08	   1.518e+08	  -1.153e+08	  0.000000	  0.000000	  0.000000	  0.000000	  0.000000	  0.000000	  0.000000	  0.000000	  0.000000	  0.000000	  0.000000	3.730055e+13	-3.043736e+14	0.000000e+00	0.000000e+00	0.000000e+00
 -3.0344	         6	4.875728e+09	   150104.95	    42909.05	   83.13	541.579562	  127.62	    1.73e+08	   1.419e+08	  -1.342e+08	  0.000000	  0.000000	  0.000000	  0.000000	  0.000000	  0.000000	  0.000000	  0.000000	  0.000000	  0.000000	  0.000000	3.970486e+13	-3.639608e+14	0.000000e+00	0.000000e+00	0.000000e+00
 -4.0617	        14	1.137670e+10	   146039.74	   143132.45	  109.75	535.468838	  165.14	  -1.613e+08	  -7.534e+08	  -1.341e+09	  0.665326	  0.594238	  0.764678	  0.402067	 -0.503596	  0.207273	  0.586494	  0.782983	 -0.610168	  0.703112	 -0.365142	1.551345e+14	-8.360380e+14	0.000000e+00	0.000000e+00	0.000000e+00
 -5.4367	        20	1.625243e+10	    86990.58	    44760.88	  113.39	529.217395	  200.50	   2.482e+08	  -1.427e+09	  -2.772e+09	  0.873233	  0.767698	 -0.462904	  0.025943	  0.886029	  0.677344	 -0.634416	  0.372453	  0.571774	  0.772556	  0.276102	3.266855e+14	-1.181119e+15	0.000000e+00	0.000000e+00	0.000000e+00
 -7.2773	        26	2.112815e+10	    47153.60	    18663.70	  111.74	522.086745	  205.28	   8.601e+07	  -8.834e+08	  -2.587e+09	  0.936542	  0.655510	 -0.195648	  0.793693	  0.575998	  0.686360	  0.530340	 -0.497644	  0.700451	 -0.297979	  0.648519	4.451783e+14	-1.517901e+15	0.000000e+00	0.000000e+00	0.000000e+00
 -9.7410	        44	3.575534e+10	    33273.11	    23346.31	  125.64	514.119231	  199.47	   7.872e+08	  -2.637e+09	  -5.043e+09	  0.807066	  0.643488	 -0.459700	  0.886827	  0.047049	 -0.133516	 -0.121392	  0.983584	  0.877980	  0.445872	  0.174209	7.113050e+14	-2.497465e+15	0.000000e+00	0.000000e+00	0.000000e+00
-13.0388	        91	7.394854e+10	    28693.35	    25418.09	  156.18	502.523489	  207.49	  -9.928e+08	   2.842e+09	   6.186e+09	  0.859749	  0.812488	 -0.557756	  0.670232	  0.489589	 -0.435430	 -0.738454	  0.514865	  0.706618	  0.073987	  0.703717	1.591747e+15	-4.967015e+15	0.000000e+00	0.000000e+00	0.000000e+00
-17.4530	       154	1.251437e+11	    20246.96	    14206.43	  175.60	487.160808	  217.01	  -5.055e+09	   7.935e+08	    8.11e+09	  0.880412	  0.784596	 -0.394666	  0.897539	  0.196631	 -0.221033	 -0.300459	  0.927830	  0.891843	  0.322721	  0.316967	2.946819e+15	-8.085051e+15	0.000000e+00	0.000000e+00	0.000000e+00
 23.3617	       239	1.942165e+11	    13101.96	     7992.13	  189.09	466.565377	  221.82	  -2.665e+10	   2.593e+09	  -3.337e+10	  0.775352	  0.760384	 -0.251497	  0.930748	  0.265437	  0.011218	 -0.271430	  0.962393	  0.967793	  0.245017	  0.057822	4.778318e+15	-1.200964e+16	0.000000e+00	0.000000e+00	0.000000e+00
 31.2707	       343	2.787291e+11	     7840.28	     4077.33	  195.79	442.885433	  226.85	   5.895e+09	   2.522e+10	  -9.525e+10	  0.738925	  0.687726	 -0.183631	  0.950146	  0.251995	 -0.626896	 -0.310653	  0.714490	  0.757153	 -0.026772	  0.652688	7.171586e+15	-1.636804e+16	0.000000e+00	0.000000e+00	0.000000e+00
 41.8574	       485	3.941213e+11	     4622.52	     2321.29	  201.23	416.120387	  222.09	   3.941e+10	   3.661e+10	  -1.722e+11	  0.747788	  0.631966	 -0.174773	  0.980810	  0.086401	 -0.616561	 -0.177437	  0.767052	  0.767663	  0.080789	  0.635740	9.719969e+15	-2.169312e+16	0.000000e+00	0.000000e+00	0.000000e+00
 56.0280	       638	5.184524e+11	     2535.46	     1042.88	  199.49	386.855208	  219.06	   1.352e+11	   2.706e+10	    -3.1e+11	  0.754173	  0.679827	 -0.129044	  0.991639	  0.000418	 -0.574376	 -0.075089	  0.815141	  0.808357	  0.104949	  0.579263	1.243957e+16	-2.669934e+16	0.000000e+00	0.000000e+00	0.000000e+00
