#r(1)	npart(2)	M_in_r(3)	ovdens(4)	dens(5)	vcirc(6)	vesc(7)	sigv(8)	Lx(9)	Ly(10)	Lz(11)	b(12)	c(13)	Eax(14)	Eay(15)	Eaz(16)	Ebx(17)	Eby(18)	Ebz(19)	Ecx(20)	Ecy(21)	Ecz(22)	Ekin(23)	Epot(24)	M_gas(25)	M_star(26)	U_gas(27)	
 -8.5595	         8	6.500934e+09	    26807.86	    26807.86	   99.47	787.653499	  267.96	   2.875e+08	  -4.443e+08	   -4.89e+08	  0.000000	  0.000000	  0.000000	  0.000000	  0.000000	  0.000000	  0.000000	  0.000000	  0.000000	  0.000000	  0.000000	2.333846e+14	-1.019524e+15	0.000000e+00	0.000000e+00	0.000000e+00
-10.6666	        13	1.056402e+10	    22510.28	    17915.12	  113.59	785.329234	  287.73	   4.929e+08	  -1.046e+09	   3.027e+08	  0.800141	  0.597950	 -0.545170	  0.838144	 -0.017442	  0.171621	  0.131948	  0.976287	  0.820571	  0.529249	 -0.215777	4.372899e+14	-1.646796e+15	0.000000e+00	0.000000e+00	0.000000e+00
-13.2924	        30	2.437850e+10	    26842.58	    31474.87	  154.57	779.508993	  275.23	  -1.626e+08	   4.681e+08	  -1.461e+09	  0.685757	  0.616277	 -0.590948	  0.806278	 -0.026401	  0.106731	  0.110582	  0.988120	  0.799618	  0.581109	 -0.151403	9.233542e+14	-3.764738e+15	0.000000e+00	0.000000e+00	0.000000e+00
-16.5647	        43	3.494252e+10	    19880.94	    12437.24	  165.77	772.083723	  302.84	    1.98e+09	   -6.59e+08	  -2.989e+09	  0.642422	  0.561630	 -0.367446	  0.925772	 -0.089046	  0.523180	  0.284909	  0.803187	  0.768938	  0.248540	 -0.589034	1.602330e+15	-5.353496e+15	0.000000e+00	0.000000e+00	0.000000e+00
-20.6424	        67	5.444532e+10	    16006.95	    11864.71	  185.36	763.274324	  320.66	  -6.116e+07	  -2.128e+09	  -4.314e+09	  0.950329	  0.889227	 -0.177216	  0.976013	 -0.126467	  0.879081	  0.214757	  0.425553	 -0.442505	  0.035760	  0.896053	2.799132e+15	-8.224620e+15	0.000000e+00	0.000000e+00	0.000000e+00
-25.7240	       109	8.857523e+10	    13456.30	    10729.03	  211.79	752.255013	  315.16	  -1.371e+09	  -1.191e+10	  -1.083e+10	  0.894290	  0.767771	 -0.366956	  0.906233	  0.209963	  0.843916	  0.229360	  0.484974	 -0.391343	 -0.355155	  0.848950	4.398942e+15	-1.312106e+16	0.000000e+00	0.000000e+00	0.000000e+00
-32.0566	       157	1.275808e+11	    10015.31	     6336.04	  227.70	738.030045	  337.93	  -1.566e+10	  -1.376e+10	  -1.841e+10	  0.867595	  0.798508	  0.086639	  0.782319	  0.616823	  0.501466	 -0.569240	  0.651535	  0.860828	  0.252867	 -0.441625	7.284621e+15	-1.853962e+16	0.000000e+00	0.000000e+00	0.000000e+00
 39.9480	       239	1.942154e+11	     7878.22	     5593.14	  251.66	720.883786	  336.45	  -2.798e+10	  -1.688e+10	  -6.878e+09	  0.854416	  0.759648	 -0.260687	  0.835225	  0.484191	  0.601391	 -0.251847	  0.758223	  0.755229	  0.488847	 -0.436644	1.099251e+16	-2.740649e+16	0.000000e+00	0.000000e+00	0.000000e+00
 49.7822	       345	2.803528e+11	     5876.45	     3736.06	  270.86	699.220846	  350.04	  -4.802e+10	  -4.962e+09	  -5.412e+10	  0.855624	  0.715144	 -0.192881	  0.884526	  0.424748	  0.667364	 -0.199079	  0.717630	  0.719321	  0.421879	 -0.551902	1.717535e+16	-3.826822e+16	0.000000e+00	0.000000e+00	0.000000e+00
 62.0372	       479	3.892434e+11	     4215.96	     2440.49	  285.90	675.012234	  362.21	  -1.328e+11	  -4.876e+10	  -8.901e+10	  0.843828	  0.675110	 -0.275636	  0.915449	  0.293220	  0.586679	 -0.081427	  0.805716	  0.761467	  0.394110	 -0.514630	2.553302e+16	-5.108837e+16	0.000000e+00	0.000000e+00	0.000000e+00
 77.3090	       663	5.387649e+11	     3015.37	     1731.63	  301.31	645.977152	  372.14	  -2.252e+11	   4.342e+10	  -3.569e+11	  0.807744	  0.676032	 -0.137686	  0.960046	  0.243627	  0.791545	 -0.041206	  0.609721	 -0.595399	 -0.276791	  0.754246	3.730563e+16	-6.739841e+16	0.000000e+00	0.000000e+00	0.000000e+00
 96.3404	       874	7.102270e+11	     2054.01	     1026.09	  309.90	613.761843	  372.17	  -3.422e+11	   2.049e+11	  -6.606e+11	  0.809054	  0.649966	 -0.042365	  0.958150	  0.283115	  0.880210	 -0.098273	  0.464298	 -0.472690	 -0.268871	  0.839210	4.918720e+16	-8.436912e+16	0.000000e+00	0.000000e+00	0.000000e+00
120.0567	      1121	9.109434e+11	     1361.33	      620.68	  314.40	577.903868	  374.12	  -7.314e+11	    4.96e+11	  -1.402e+12	  0.822749	  0.669267	  0.111544	  0.934323	  0.338523	  0.928836	 -0.219128	  0.298740	 -0.353300	 -0.281110	  0.892276	6.374948e+16	-1.021131e+17	0.000000e+00	0.000000e+00	0.000000e+00
149.6114	      1386	1.126287e+12	      869.73	      344.10	  313.16	539.205368	  374.67	  -1.276e+12	   8.221e+11	  -1.919e+12	  0.786302	  0.670615	  0.104165	  0.920180	  0.377384	  0.847291	 -0.280807	  0.450828	 -0.520815	 -0.272794	  0.808910	7.905231e+16	-1.188633e+17	0.000000e+00	0.000000e+00	0.000000e+00
186.4416	      1683	1.367634e+12	      545.72	      199.28	  309.13	497.609928	  367.94	  -1.684e+12	   9.755e+11	  -2.234e+12	  0.777053	  0.673283	  0.002919	  0.912728	  0.408557	  0.840373	 -0.223679	  0.493702	  0.542001	  0.341899	 -0.767685	9.257700e+16	-1.351956e+17	0.000000e+00	0.000000e+00	0.000000e+00
232.3384	      1968	1.599230e+12	      329.75	       98.81	  299.45	455.069779	  359.88	  -1.931e+12	   1.015e+12	  -2.673e+12	  0.714467	  0.626050	 -0.062178	  0.899137	  0.433228	  0.843109	 -0.184982	  0.504924	  0.534135	  0.396654	 -0.746569	1.035637e+17	-1.483296e+17	0.000000e+00	0.000000e+00	0.000000e+00
289.5473	      2307	1.874707e+12	      199.71	       60.72	  290.42	410.730862	  351.81	  -2.166e+12	   1.184e+12	   -3.03e+12	  0.649948	  0.592791	 -0.038334	  0.892282	  0.449848	  0.854507	 -0.204103	  0.477660	  0.518023	  0.402709	 -0.754637	1.160188e+17	-1.612864e+17	0.000000e+00	0.000000e+00	0.000000e+00
 -6.2586	         7	5.688317e+09	    60004.91	    60004.91	  108.81	700.698870	  206.88	   3.539e+08	   7.848e+07	   1.178e+08	  0.000000	  0.000000	  0.000000	  0.000000	  0.000000	  0.000000	  0.000000	  0.000000	  0.000000	  0.000000	  0.000000	1.217284e+14	-7.042247e+14	0.000000e+00	0.000000e+00	0.000000e+00
 -8.0103	        10	8.126168e+09	    40885.49	    23450.61	  114.96	696.628667	  230.63	   2.835e+08	  -6.182e+08	   5.242e+08	  0.000000	  0.000000	  0.000000	  0.000000	  0.000000	  0.000000	  0.000000	  0.000000	  0.000000	  0.000000	  0.000000	2.161147e+14	-1.001226e+15	0.000000e+00	0.000000e+00	0.000000e+00
-10.2523	        17	1.381448e+10	    33151.15	    26098.25	  132.49	693.249782	  232.66	  -3.566e+08	  -5.182e+08	   2.261e+08	  0.713894	  0.597969	 -0.562123	 -0.059727	  0.824894	  0.783777	  0.279937	  0.554373	 -0.264030	  0.958159	 -0.110546	3.738813e+14	-1.688308e+15	0.000000e+00	0.000000e+00	0.000000e+00
-13.1219	        26	2.112804e+10	    24182.63	    16004.29	  144.83	686.397554	  270.42	    9.14e+08	  -5.089e+08	   1.657e+09	  0.855261	  0.525848	 -0.596520	 -0.226340	  0.770022	  0.740414	  0.215091	  0.636807	 -0.309760	  0.950003	  0.039279	7.725212e+14	-2.557134e+15	0.000000e+00	0.000000e+00	0.000000e+00
-16.7946	        51	4.144345e+10	    22624.59	    21203.83	  179.30	677.072229	  291.07	   5.163e+09	   1.358e+09	   2.181e+08	  0.804749	  0.722598	 -0.582874	 -0.311339	  0.750550	  0.645533	  0.383566	  0.660427	 -0.493502	  0.869451	 -0.022591	1.755609e+15	-4.914851e+15	0.000000e+00	0.000000e+00	0.000000e+00
-21.4952	        83	6.744719e+10	    17561.81	    12945.08	  202.18	663.509587	  316.57	   2.919e+09	  -1.429e+09	  -4.271e+09	  0.806727	  0.781944	 -0.485112	 -0.236868	  0.841760	  0.856739	  0.064022	  0.511760	 -0.175110	  0.969430	  0.171876	3.379691e+15	-7.842828e+15	0.000000e+00	0.000000e+00	0.000000e+00
-27.5115	       122	9.913924e+10	    12312.08	     7524.88	  216.67	646.408124	  310.46	  -7.494e+09	    5.93e+09	  -2.072e+09	  0.814395	  0.698208	 -0.324858	 -0.184915	  0.927509	  0.722966	  0.583715	  0.369591	 -0.609744	  0.790622	 -0.055937	4.777713e+15	-1.123799e+16	0.000000e+00	0.000000e+00	0.000000e+00
 35.2118	       176	1.430205e+11	     8471.58	     4969.46	  230.03	627.038987	  326.09	   2.865e+09	   -4.56e+09	  -1.055e+10	  0.784779	  0.716182	 -0.158588	 -0.314266	  0.935995	  0.908283	  0.325266	  0.263103	 -0.387132	  0.891874	  0.233859	7.604213e+15	-1.568972e+16	0.000000e+00	0.000000e+00	0.000000e+00
 45.0673	       254	2.064047e+11	     5831.31	     3423.66	  244.26	605.201209	  321.74	   -5.68e+09	  -3.439e+10	  -1.725e+10	  0.816784	  0.692400	 -0.395292	 -0.303240	  0.867058	  0.825700	  0.296261	  0.480050	 -0.402446	  0.905690	  0.133276	1.068294e+16	-2.170289e+16	0.000000e+00	0.000000e+00	0.000000e+00
 57.6812	       357	2.901042e+11	     3909.14	     2156.32	  255.97	578.916514	  321.32	  -3.679e+10	  -8.365e+10	   4.994e+09	  0.875031	  0.758441	 -0.374994	 -0.417498	  0.827693	  0.685989	  0.475575	  0.550679	 -0.623538	  0.774289	  0.108061	1.497577e+16	-2.901664e+16	0.000000e+00	0.000000e+00	0.000000e+00
 73.8257	       496	4.030579e+11	     2590.45	     1387.94	  266.69	549.608562	  319.36	  -5.227e+10	  -9.975e+10	   2.817e+10	  0.919727	  0.786994	 -0.312386	 -0.441744	  0.840998	  0.729298	  0.455768	  0.510293	 -0.608719	  0.772747	  0.179787	2.055394e+16	-3.798471e+16	0.000000e+00	0.000000e+00	0.000000e+00
 94.4889	       652	5.298261e+11	     1624.13	      742.95	  270.27	516.600291	  311.80	  -1.245e+11	  -1.352e+11	   4.493e+10	  0.866933	  0.711503	 -0.167195	 -0.164554	  0.972095	  0.851537	  0.472844	  0.226501	 -0.496921	  0.865645	  0.061067	2.575474e+16	-4.696241e+16	0.000000e+00	0.000000e+00	0.000000e+00
120.9356	       815	6.622827e+11	      968.30	      370.26	  267.10	480.489132	  306.21	  -2.302e+11	  -1.273e+11	   1.042e+11	  0.860518	  0.698180	 -0.097728	 -0.068849	  0.992829	  0.908008	  0.402205	  0.117270	 -0.407394	  0.912957	  0.023208	3.104996e+16	-5.521306e+16	0.000000e+00	0.000000e+00	0.000000e+00
154.7844	      1042	8.467467e+11	      590.48	      245.94	  266.96	442.636089	  305.19	  -2.982e+11	  -2.858e+11	   5.154e+10	  0.889348	  0.743293	 -0.095369	 -0.118186	  0.988401	  0.926192	  0.353334	  0.131616	 -0.364791	  0.928002	  0.075765	3.943381e+16	-6.501366e+16	0.000000e+00	0.000000e+00	0.000000e+00
198.1073	      1260	1.023897e+12	      340.55	      112.65	  259.48	402.394158	  299.88	  -5.721e+11	  -2.543e+11	   2.445e+11	  0.819790	  0.687059	 -0.013389	 -0.011412	  0.999845	  0.956718	  0.290569	  0.016128	 -0.290708	  0.956786	  0.007027	4.603982e+16	-7.286750e+16	0.000000e+00	0.000000e+00	0.000000e+00
253.5694	      1549	1.258743e+12	      199.65	       71.21	  254.30	359.643332	  291.43	  -9.731e+11	  -2.249e+11	   2.822e+11	  0.767617	  0.657659	  0.060223	  0.011813	  0.998115	  0.946895	  0.315728	 -0.060869	 -0.315852	  0.948776	  0.007828	5.345360e+16	-8.138262e+16	0.000000e+00	0.000000e+00	0.000000e+00
 -6.6779	         4	3.250467e+09	    28227.07	    28227.07	   79.63	611.665730	  122.90	  -8.956e+07	    2.82e+07	   1.144e+08	  0.000000	  0.000000	  0.000000	  0.000000	  0.000000	  0.000000	  0.000000	  0.000000	  0.000000	  0.000000	  0.000000	2.454958e+13	-3.079304e+14	0.000000e+00	0.000000e+00	0.000000e+00
 -8.5089	         7	5.688317e+09	    23877.87	    19808.46	   93.32	609.762474	  110.73	   1.184e+08	  -1.544e+08	  -1.628e+08	  0.000000	  0.000000	  0.000000	  0.000000	  0.000000	  0.000000	  0.000000	  0.000000	  0.000000	  0.000000	  0.000000	3.486947e+13	-5.347833e+14	0.000000e+00	0.000000e+00	0.000000e+00
-10.8420	        11	8.938784e+09	    18137.70	    12766.78	  103.64	604.318873	  108.73	   4.004e+08	   2.725e+08	  -4.468e+08	  0.817582	  0.598924	  0.739579	 -0.521419	 -0.425611	  0.657523	  0.424586	  0.622407	  0.143826	  0.740168	 -0.656860	5.283644e+13	-8.338730e+14	0.000000e+00	0.000000e+00	0.000000e+00
-13.8148	        18	1.462710e+10	    14346.76	    10799.69	  117.44	601.521829	  158.26	   8.271e+08	   1.641e+09	  -1.406e+09	  0.758275	  0.670485	  0.947597	 -0.032418	 -0.317819	  0.284973	 -0.363879	  0.886782	  0.144395	  0.930882	  0.335572	1.831806e+14	-1.350568e+15	0.000000e+00	0.000000e+00	0.000000e+00
-17.6028	        33	2.681635e+10	    12714.14	    11186.55	  140.88	595.211418	  203.54	   2.604e+09	   2.524e+09	  -1.242e+09	  0.751281	  0.612064	  0.929035	 -0.125748	 -0.347967	  0.077334	  0.985697	 -0.149735	  0.361819	  0.112199	  0.925472	5.555052e+14	-2.440686e+15	0.000000e+00	0.000000e+00	0.000000e+00
-22.4294	        50	4.063084e+10	     9311.83	     6128.38	  153.62	586.382216	  212.38	   6.197e+09	   3.731e+09	  -3.904e+09	  0.977258	  0.787097	  0.949987	  0.008796	 -0.312164	  0.090770	  0.948669	  0.302967	  0.298806	 -0.316150	  0.900425	9.163110e+14	-3.646557e+15	0.000000e+00	0.000000e+00	0.000000e+00
-28.5794	        74	6.013364e+10	     6661.75	     4182.15	  165.56	575.727445	  222.82	   5.248e+09	   1.101e+10	  -1.028e+10	  0.898866	  0.711227	 -0.258396	  0.809662	  0.526953	  0.927503	  0.360458	 -0.099033	  0.270128	 -0.463161	  0.844105	1.492795e+15	-5.289015e+15	0.000000e+00	0.000000e+00	0.000000e+00
-36.4158	       106	8.613738e+10	     4612.69	     2695.45	  175.54	563.600829	  230.09	   9.564e+09	   2.293e+10	  -1.668e+10	  0.975618	  0.837676	  0.575674	  0.664984	  0.475811	 -0.817588	  0.476823	  0.322785	 -0.012231	 -0.574836	  0.818177	2.280112e+15	-7.395473e+15	0.000000e+00	0.000000e+00	0.000000e+00
 46.4008	       144	1.170168e+11	     3029.03	     1547.23	  181.25	549.376556	  243.21	   2.593e+10	   5.941e+10	   -2.35e+10	  0.897772	  0.776802	 -0.150534	  0.824159	  0.545986	  0.982187	  0.061852	  0.177433	 -0.112463	 -0.562971	  0.818790	3.460916e+15	-9.791641e+15	0.000000e+00	0.000000e+00	0.000000e+00
 59.1237	       210	1.706495e+11	     2135.26	     1299.00	  193.91	533.338603	  260.87	   5.729e+10	   6.678e+10	   -4.42e+10	  0.851657	  0.752416	  0.081088	  0.858416	  0.506504	 -0.789574	 -0.254809	  0.558252	  0.608274	 -0.445190	  0.657121	5.806709e+15	-1.373136e+16	0.000000e+00	0.000000e+00	0.000000e+00
 75.3351	       315	2.559743e+11	     1548.23	      998.95	  210.39	514.505501	  271.62	   1.044e+11	   1.166e+11	   -7.29e+10	  0.837041	  0.687169	  0.018776	  0.888678	  0.458147	  0.893064	  0.191120	 -0.407321	  0.449538	 -0.416803	  0.790057	9.442546e+15	-1.957465e+16	0.000000e+00	0.000000e+00	0.000000e+00
 95.9917	       456	3.705532e+11	     1083.38	      648.44	  224.25	491.637441	  278.09	   2.162e+11	   1.558e+11	  -1.339e+11	  0.737945	  0.616611	 -0.078083	  0.930198	  0.358656	  0.861879	  0.243798	 -0.444666	  0.501067	 -0.274398	  0.820754	1.432789e+16	-2.683023e+16	0.000000e+00	0.000000e+00	0.000000e+00
122.3121	       627	5.095107e+11	      720.07	      380.13	  232.95	465.333287	  275.79	   2.753e+11	    2.02e+11	  -2.038e+11	  0.729899	  0.550987	 -0.110311	  0.911164	  0.397003	 -0.722482	 -0.347818	  0.597531	  0.682533	 -0.220913	  0.696668	1.937656e+16	-3.477019e+16	0.000000e+00	0.000000e+00	0.000000e+00
155.8496	       867	7.045387e+11	      481.30	      257.89	  242.67	434.791668	  286.82	   1.123e+11	   2.808e+11	  -5.006e+11	  0.818357	  0.535974	 -0.268682	  0.800850	  0.535210	 -0.604231	 -0.572853	  0.553845	  0.750143	 -0.174582	  0.637814	2.897877e+16	-4.463308e+16	0.000000e+00	0.000000e+00	0.000000e+00
198.5828	      1169	9.499490e+11	      313.69	      156.87	  249.63	399.734715	  292.55	  -5.837e+09	   6.161e+11	  -5.812e+11	  0.849704	  0.506956	 -0.569329	  0.298551	  0.765984	  0.280207	  0.946409	 -0.160606	  0.772883	 -0.123197	  0.622474	4.065106e+16	-5.528399e+16	0.000000e+00	0.000000e+00	0.000000e+00
253.0469	      1539	1.250617e+12	      199.60	       92.87	  253.74	358.972983	  290.35	    4.42e+11	   8.899e+11	  -5.053e+11	  0.860817	  0.453923	 -0.569490	  0.249147	  0.783331	  0.262283	  0.958223	 -0.114091	  0.779031	 -0.140481	  0.611045	5.271642e+16	-6.615550e+16	0.000000e+00	0.000000e+00	0.000000e+00
 -5.3336	         4	3.250467e+09	    55402.13	    55402.13	   89.10	673.736180	  198.50	    2.75e+08	   1.534e+08	   1.698e+08	  0.000000	  0.000000	  0.000000	  0.000000	  0.000000	  0.000000	  0.000000	  0.000000	  0.000000	  0.000000	  0.000000	6.403975e+13	-3.752230e+14	0.000000e+00	0.000000e+00	0.000000e+00
 -7.0015	         6	4.875701e+09	    36736.32	    21947.46	   95.25	671.726958	  231.78	   9.778e+08	   8.181e+08	   2.289e+08	  0.000000	  0.000000	  0.000000	  0.000000	  0.000000	  0.000000	  0.000000	  0.000000	  0.000000	  0.000000	  0.000000	1.309710e+14	-5.589766e+14	0.000000e+00	0.000000e+00	0.000000e+00
 -9.1910	         8	6.500934e+09	    21652.71	     9702.02	   95.99	669.075440	  261.26	   8.212e+08	   1.272e+09	   8.715e+07	  0.000000	  0.000000	  0.000000	  0.000000	  0.000000	  0.000000	  0.000000	  0.000000	  0.000000	  0.000000	  0.000000	2.218601e+14	-7.412602e+14	0.000000e+00	0.000000e+00	0.000000e+00
-12.0653	        17	1.381448e+10	    20339.91	    19299.79	  122.13	664.229956	  316.43	   2.119e+09	   1.096e+09	   9.304e+08	  0.747696	  0.709997	  0.116843	  0.154432	  0.981070	  0.523347	  0.829980	 -0.192978	  0.844071	 -0.535989	 -0.016156	6.916094e+14	-1.552839e+15	0.000000e+00	0.000000e+00	0.000000e+00
-15.8385	        37	3.006682e+10	    19569.50	    18959.11	  157.26	657.085321	  329.44	   6.481e+09	   1.971e+09	  -4.743e+08	  0.764255	  0.713140	 -0.585247	  0.664300	 -0.464964	 -0.758854	 -0.246674	  0.602737	  0.285704	  0.705590	  0.648472	1.631603e+15	-3.322989e+15	0.000000e+00	0.000000e+00	0.000000e+00
-20.7916	        67	5.444532e+10	    15665.01	    12571.50	  184.70	644.788362	  321.72	   4.181e+09	   6.105e+09	   6.889e+09	  0.751193	  0.731254	  0.432317	 -0.518977	  0.737404	 -0.845749	  0.050260	  0.531208	  0.312747	  0.853309	  0.417196	2.817599e+15	-5.902774e+15	0.000000e+00	0.000000e+00	0.000000e+00
-27.2936	       111	9.020046e+10	    11472.46	     8150.73	  207.49	628.221327	  326.11	   2.004e+10	   9.882e+09	   3.916e+09	  0.792362	  0.675320	  0.173947	 -0.538867	  0.824236	  0.271084	  0.830861	  0.485988	  0.946708	 -0.138901	 -0.290604	4.796393e+15	-9.531612e+15	0.000000e+00	0.000000e+00	0.000000e+00
 35.8290	       169	1.373322e+11	     7721.44	     4749.52	  223.46	607.328523	  338.40	   2.467e+10	    2.66e+10	  -9.904e+09	  0.697092	  0.593948	  0.255981	 -0.581025	  0.772582	  0.508363	  0.760685	  0.403640	  0.822217	 -0.289428	 -0.490093	7.863214e+15	-1.402732e+16	0.000000e+00	0.000000e+00	0.000000e+00
 47.0337	       265	2.153434e+11	     5352.24	     3475.13	  244.22	582.911133	  334.50	  -2.721e+10	   6.344e+10	   2.815e+10	  0.724287	  0.641350	 -0.252987	  0.728541	 -0.636573	  0.343711	  0.682736	  0.644775	  0.904356	 -0.055677	 -0.423131	1.204751e+16	-2.090621e+16	0.000000e+00	0.000000e+00	0.000000e+00
 61.7423	       396	3.217962e+11	     3535.60	     2096.28	  260.57	552.391755	  337.68	  -1.118e+11	    6.15e+10	   1.049e+11	  0.732900	  0.661467	 -0.291501	  0.668954	 -0.683760	  0.002134	  0.715257	  0.698859	  0.956568	  0.202259	 -0.209926	1.834684e+16	-2.948090e+16	0.000000e+00	0.000000e+00	0.000000e+00
 81.0508	       558	4.534402e+11	     2202.32	     1145.96	  269.96	516.106087	  332.63	  -9.377e+10	   1.398e+11	   1.932e+11	  0.743462	  0.650420	 -0.358940	  0.685706	 -0.633221	  0.190878	  0.718021	  0.669336	  0.913634	  0.119384	 -0.388613	2.508495e+16	-3.892698e+16	0.000000e+00	0.000000e+00	0.000000e+00
106.3974	       736	5.980859e+11	     1284.11	      556.61	  270.61	475.744416	  323.81	  -6.029e+10	   1.595e+11	   3.208e+11	  0.749263	  0.683281	 -0.318865	  0.769193	 -0.553776	 -0.115162	  0.548503	  0.828180	  0.940778	  0.327851	 -0.086317	3.135475e+16	-4.782135e+16	0.000000e+00	0.000000e+00	0.000000e+00
139.6707	       940	7.638598e+11	      724.98	      281.99	  266.92	431.798236	  313.39	   1.228e+10	   2.585e+11	   5.601e+11	  0.778642	  0.750800	 -0.306437	  0.845433	 -0.437423	 -0.424983	  0.289678	  0.857599	  0.851755	  0.448698	  0.270526	3.751030e+16	-5.639669e+16	0.000000e+00	0.000000e+00	0.000000e+00
183.3493	      1117	9.076929e+11	      380.83	      108.16	  253.95	386.710164	  305.11	   4.742e+10	   4.053e+11	   7.739e+11	  0.788125	  0.773564	 -0.178915	  0.878856	 -0.442268	  0.891425	  0.335033	  0.305146	 -0.416354	  0.339654	  0.843377	4.224845e+16	-6.241097e+16	0.000000e+00	0.000000e+00	0.000000e+00
240.7009	      1326	1.077530e+12	      199.81	       56.44	  241.49	341.529525	  297.74	   3.026e+11	   6.284e+11	   1.185e+12	  0.785256	  0.742847	 -0.118652	  0.904158	 -0.410390	  0.314268	  0.426258	  0.848257	  0.941890	 -0.028325	 -0.334725	4.776244e+16	-6.805760e+16	0.000000e+00	0.000000e+00	0.000000e+00
-10.7657	         8	6.500934e+09	    13473.33	    13473.33	   88.69	524.758258	  164.48	  -3.675e+08	   2.023e+08	   5.728e+08	  0.000000	  0.000000	  0.000000	  0.000000	  0.000000	  0.000000	  0.000000	  0.000000	  0.000000	  0.000000	  0.000000	8.793699e+13	-4.532824e+14	0.000000e+00	0.000000e+00	0.000000e+00
-13.5178	        12	9.751401e+09	    10208.93	     6876.68	   96.94	521.244276	  155.59	  -7.418e+08	   3.769e+08	    3.91e+08	  0.655848	  0.425583	  0.668612	  0.716095	  0.200414	  0.501223	 -0.633083	  0.589900	 -0.549303	  0.293962	  0.782210	1.180348e+14	-6.751187e+14	0.000000e+00	0.000000e+00	0.000000e+00
-16.9734	        24	1.950280e+10	    10313.93	    10421.11	  122.35	517.318539	  170.86	    3.25e+07	   1.384e+09	  -1.584e+09	  0.598489	  0.462201	  0.746188	  0.362317	  0.558506	 -0.217751	 -0.659957	  0.719056	 -0.629117	  0.658167	  0.413557	2.846799e+14	-1.330939e+15	0.000000e+00	0.000000e+00	0.000000e+00
-21.3123	        41	3.331729e+10	     8900.43	     7457.54	  142.71	509.109702	  186.71	   1.536e+09	  -2.345e+09	  -1.055e+09	  0.639185	  0.476921	  0.722751	  0.501377	  0.475660	 -0.361912	 -0.311764	  0.878535	 -0.588771	  0.807108	  0.043874	5.807022e+14	-2.242890e+15	0.000000e+00	0.000000e+00	0.000000e+00
-26.7604	        54	4.388131e+10	     5921.54	     2880.74	  146.16	498.865630	  207.73	    1.66e+09	  -2.787e+09	  -6.931e+09	  0.697747	  0.602647	  0.698227	  0.484798	  0.526735	 -0.673742	  0.196314	  0.712413	 -0.241971	  0.852310	 -0.463701	9.467905e+14	-2.912747e+15	0.000000e+00	0.000000e+00	0.000000e+00
-33.6011	        86	6.988504e+10	     4763.80	     3581.99	  164.60	489.177148	  224.08	  -1.927e+09	  -5.046e+08	  -1.622e+10	  0.853840	  0.783650	  0.504489	  0.507992	  0.698165	 -0.727372	 -0.185631	  0.660660	 -0.465211	  0.841121	 -0.275850	1.754550e+15	-4.492665e+15	0.000000e+00	0.000000e+00	0.000000e+00
 42.1906	       119	9.670139e+10	     3329.78	     1865.96	  172.80	475.311295	  242.51	    9.61e+09	   7.548e+08	  -2.122e+10	  0.825451	  0.760621	  0.059548	  0.548766	  0.833852	  0.988728	 -0.147378	  0.026383	  0.137369	  0.822882	 -0.551357	2.843548e+15	-6.055341e+15	0.000000e+00	0.000000e+00	0.000000e+00
 52.9758	       179	1.454584e+11	     2530.09	     1713.78	  189.13	458.632214	  257.95	   6.565e+10	   1.811e+10	  -4.312e+10	  0.770007	  0.712102	 -0.110058	  0.639794	  0.760626	  0.991255	  0.014595	  0.131152	  0.072809	  0.768408	 -0.635805	4.839235e+15	-8.709694e+15	0.000000e+00	0.000000e+00	0.000000e+00
 66.5181	       258	2.096551e+11	     1842.11	     1139.84	  202.63	440.896452	  262.07	   1.142e+11	   6.666e+10	  -8.093e+10	  0.677412	  0.665440	 -0.249454	  0.569287	  0.783380	 -0.127957	  0.782484	 -0.609382	  0.959896	  0.252252	  0.122349	7.199839e+15	-1.194768e+16	0.000000e+00	0.000000e+00	0.000000e+00
 83.5222	       360	2.925420e+11	     1298.41	      743.41	  213.61	417.898645	  266.26	   1.438e+11	   1.329e+11	  -1.118e+11	  0.700193	  0.624736	 -0.213640	  0.554296	  0.804434	 -0.414183	  0.694381	 -0.588462	  0.884766	  0.458902	 -0.081233	1.036943e+16	-1.577113e+16	0.000000e+00	0.000000e+00	0.000000e+00
104.8730	       492	3.998074e+11	      896.38	      485.98	  222.85	390.412085	  268.82	   1.146e+11	    9.69e+10	  -7.015e+10	  0.766712	  0.676637	 -0.212904	  0.487015	  0.847047	 -0.839374	  0.352577	 -0.413692	  0.500124	  0.799066	 -0.333722	1.444603e+16	-2.015725e+16	0.000000e+00	0.000000e+00	0.000000e+00
131.6818	       624	5.070729e+11	      574.28	      245.49	  223.97	360.407327	  266.22	   1.655e+11	   1.229e+10	   1.906e+09	  0.803374	  0.693748	 -0.286882	  0.528355	  0.799087	  0.887652	 -0.167067	  0.429142	  0.360240	  0.832424	 -0.421066	1.796911e+16	-2.395420e+16	0.000000e+00	0.000000e+00	0.000000e+00
165.3438	       755	6.135257e+11	      350.99	      123.07	  219.86	327.806839	  258.85	   1.297e+11	   8.059e+10	  -2.329e+10	  0.841469	  0.766293	 -0.303888	  0.519378	  0.798686	  0.932649	 -0.008942	  0.360674	  0.194467	  0.854498	 -0.481680	2.055402e+16	-2.710578e+16	0.000000e+00	0.000000e+00	0.000000e+00
207.6243	       850	6.907242e+11	      199.57	       45.06	  208.18	294.420219	  255.98	   2.096e+11	   2.183e+11	  -8.555e+10	  0.823455	  0.812721	 -0.189139	  0.556387	  0.809111	 -0.366790	  0.724310	 -0.583815	  0.910874	  0.407196	 -0.067082	2.262925e+16	-2.898000e+16	0.000000e+00	0.000000e+00	0.000000e+00
 -8.7434	         7	5.688317e+09	    22007.59	    22007.59	   92.06	538.404227	  186.63	    3.82e+08	   1.671e+08	  -2.486e+08	  0.000000	  0.000000	  0.000000	  0.000000	  0.000000	  0.000000	  0.000000	  0.000000	  0.000000	  0.000000	  0.000000	9.906090e+13	-4.169517e+14	0.000000e+00	0.000000e+00	0.000000e+00
-11.1205	        11	8.938784e+09	    16808.88	    11892.58	  102.33	534.374119	  202.64	   1.056e+09	   1.435e+09	  -7.317e+08	  0.933461	  0.553888	  0.273688	  0.306987	  0.911512	  0.886769	 -0.447540	 -0.115532	  0.372471	  0.839921	 -0.394713	1.835207e+14	-6.504595e+14	0.000000e+00	0.000000e+00	0.000000e+00
-14.1438	        19	1.543972e+10	    14111.43	    11560.53	  119.25	528.380399	  208.66	  -5.708e+08	   2.103e+09	  -8.863e+08	  0.750487	  0.542590	  0.849222	  0.292875	  0.439370	 -0.527094	  0.519872	  0.672239	  0.031534	  0.802470	 -0.595859	3.361079e+14	-1.109000e+15	0.000000e+00	0.000000e+00	0.000000e+00
-17.9891	        36	2.925420e+10	    12995.46	    11940.10	  145.55	520.728595	  217.85	  -3.786e+09	   1.394e+09	  -6.569e+08	  0.856782	  0.699179	  0.034582	  0.577331	  0.815778	 -0.450728	  0.737547	 -0.502860	  0.891991	  0.350304	 -0.285725	6.941559e+14	-2.058265e+15	0.000000e+00	0.000000e+00	0.000000e+00
-22.8798	        52	4.225607e+10	     9123.55	     5461.99	  155.11	510.287297	  233.34	  -5.335e+09	   1.113e+09	  -3.003e+08	  0.788578	  0.511908	  0.284333	  0.470659	  0.835245	 -0.590240	  0.772461	 -0.234352	  0.755494	  0.426361	 -0.497438	1.150343e+15	-2.920010e+15	0.000000e+00	0.000000e+00	0.000000e+00
-29.1001	        95	7.719859e+10	     8101.32	     7134.62	  185.90	495.691547	  237.69	  -9.466e+09	   4.526e+09	    6.78e+09	  0.745219	  0.572450	  0.147869	  0.830541	  0.536970	  0.777109	 -0.433405	  0.456357	  0.611748	  0.349803	 -0.709508	2.180705e+15	-5.135883e+15	0.000000e+00	0.000000e+00	0.000000e+00
 37.0116	       136	1.105159e+11	     5636.93	     3306.42	  197.23	477.964488	  236.18	  -2.201e+10	   3.746e+09	   1.019e+10	  0.699164	  0.595906	  0.080924	  0.804298	  0.588690	  0.626539	 -0.500395	  0.597539	  0.775177	  0.320482	 -0.544418	3.082430e+15	-7.111149e+15	0.000000e+00	0.000000e+00	0.000000e+00
 47.0739	       181	1.470836e+11	     3646.31	     1763.83	  201.75	457.153029	  242.21	  -3.147e+10	   2.708e+10	   3.549e+09	  0.707693	  0.658254	  0.069086	  0.894285	  0.442133	  0.418565	 -0.428280	  0.800862	  0.905555	  0.129733	 -0.403904	4.314261e+15	-9.119075e+15	0.000000e+00	0.000000e+00	0.000000e+00
 59.8719	       257	2.088425e+11	     2516.40	     1447.87	  213.17	433.603028	  249.91	  -1.743e+10	   4.984e+10	   7.924e+09	  0.723868	  0.614335	 -0.012769	  0.902687	  0.430108	  0.341171	 -0.400398	  0.850461	  0.939914	  0.157600	 -0.302858	6.521634e+15	-1.218810e+16	0.000000e+00	0.000000e+00	0.000000e+00
 76.1494	       344	2.795402e+11	     1637.10	      805.58	  218.68	406.628018	  250.76	  -7.982e+09	   6.373e+10	  -1.152e+10	  0.770339	  0.639342	 -0.107615	  0.878622	  0.465234	  0.354010	 -0.403415	  0.843761	  0.929030	  0.255498	 -0.267628	8.788910e+15	-1.531466e+16	0.000000e+00	0.000000e+00	0.000000e+00
 96.8521	       431	3.502378e+11	      996.93	      391.54	  217.05	377.307910	  249.35	  -7.356e+10	   1.127e+11	   -3.05e+09	  0.900594	  0.728518	 -0.149514	  0.876043	  0.458469	  0.298389	 -0.402086	  0.865616	  0.942661	  0.266224	 -0.201284	1.088844e+16	-1.802758e+16	0.000000e+00	0.000000e+00	0.000000e+00
123.1833	       525	4.266238e+11	      590.23	      205.62	  212.41	346.802884	  245.64	  -9.717e+10	   7.673e+10	   4.803e+10	  0.937693	  0.806766	  0.038607	  0.369192	  0.928551	 -0.471891	  0.825835	 -0.308732	  0.880811	  0.426256	 -0.206101	1.287097e+16	-2.053806e+16	0.000000e+00	0.000000e+00	0.000000e+00
156.6732	       631	5.127612e+11	      344.80	      112.70	  206.48	314.864368	  241.05	  -1.811e+11	   7.843e+10	   6.511e+10	  0.901400	  0.796491	 -0.029578	  0.440407	  0.897311	 -0.249074	  0.866140	 -0.433318	  0.968033	  0.236314	 -0.084075	1.489669e+16	-2.288659e+16	0.000000e+00	0.000000e+00	0.000000e+00
199.2816	       748	6.078373e+11	      198.62	       60.43	  199.34	281.913028	  235.25	  -2.371e+11	   1.141e+11	   7.386e+10	  0.866453	  0.780257	  0.113616	 -0.022559	  0.993269	 -0.023374	  0.999405	  0.025372	  0.993250	  0.026099	 -0.113021	1.682013e+16	-2.499578e+16	0.000000e+00	0.000000e+00	0.000000e+00
-12.4331	         6	4.875701e+09	     6560.34	     6560.34	   71.47	515.781442	  224.34	   2.082e+09	   6.605e+08	   6.235e+08	  0.000000	  0.000000	  0.000000	  0.000000	  0.000000	  0.000000	  0.000000	  0.000000	  0.000000	  0.000000	  0.000000	1.226918e+14	-3.300412e+14	0.000000e+00	0.000000e+00	0.000000e+00
-15.3832	        17	1.381448e+10	     9813.58	    13452.26	  108.16	512.109620	  251.65	   4.231e+09	    4.26e+08	  -1.373e+09	  0.890163	  0.657487	 -0.324876	  0.489533	  0.809205	 -0.398925	  0.704846	 -0.586558	  0.857505	  0.513371	  0.033701	4.374053e+14	-9.205773e+14	0.000000e+00	0.000000e+00	0.000000e+00
-19.0332	        28	2.275327e+10	     8533.75	     7102.29	  124.79	506.991869	  258.58	   8.889e+08	  -1.094e+09	  -6.159e+09	  0.948603	  0.714649	 -0.657063	  0.749017	  0.085099	 -0.037078	 -0.144863	  0.988757	  0.752923	  0.646520	  0.122956	7.606855e+14	-1.498430e+15	0.000000e+00	0.000000e+00	0.000000e+00
-23.5492	        61	4.956962e+10	     9815.57	    11249.24	  165.59	498.296400	  254.54	  -1.076e+10	  -4.965e+09	  -1.571e+10	  0.833339	  0.606372	 -0.487478	  0.829339	  0.273062	 -0.093693	 -0.360617	  0.927996	  0.868094	  0.426794	  0.253496	1.605834e+15	-3.188743e+15	0.000000e+00	0.000000e+00	0.000000e+00
-29.1368	        86	6.988504e+10	     7306.13	     4499.38	  176.76	485.632147	  256.70	  -9.015e+09	  -1.279e+10	  -2.528e+10	  0.836723	  0.626486	 -0.536069	  0.843659	 -0.029507	 -0.144507	 -0.057271	  0.987845	  0.831714	  0.533817	  0.152615	2.302562e+15	-4.414159e+15	0.000000e+00	0.000000e+00	0.000000e+00
-36.0502	       112	9.101308e+10	     5023.55	     2470.53	  181.35	471.662155	  260.75	  -9.777e+09	  -1.868e+10	  -4.117e+10	  0.761072	  0.663581	 -0.519782	  0.834785	  0.181553	  0.406649	  0.054869	  0.911935	  0.751308	  0.547836	 -0.367985	3.094125e+15	-5.623288e+15	0.000000e+00	0.000000e+00	0.000000e+00
 44.6040	       158	1.283934e+11	     3741.56	     2307.69	  193.65	455.746960	  259.25	   -1.23e+10	  -2.905e+10	  -6.841e+10	  0.727057	  0.690922	 -0.567817	  0.822260	  0.038357	  0.161301	  0.065452	  0.984732	  0.807196	  0.565335	 -0.169796	4.314863e+15	-7.623833e+15	0.000000e+00	0.000000e+00	0.000000e+00
 55.1873	       212	1.722748e+11	     2650.54	     1430.27	  201.66	437.021678	  260.03	  -5.664e+09	  -3.357e+10	   -8.27e+10	  0.764987	  0.683609	 -0.414466	  0.898989	  0.141551	  0.072503	 -0.122427	  0.989826	  0.907172	  0.420512	 -0.014437	5.824237e+15	-9.810050e+15	0.000000e+00	0.000000e+00	0.000000e+00
 68.2818	       291	2.364715e+11	     1920.86	     1104.72	  212.40	415.484529	  255.48	  -3.373e+10	  -6.089e+10	  -8.489e+10	  0.837926	  0.689844	 -0.342633	  0.937260	 -0.064384	 -0.150221	  0.012992	  0.988567	  0.927381	  0.348388	  0.136344	7.717018e+15	-1.271974e+16	0.000000e+00	0.000000e+00	0.000000e+00
 84.4832	       362	2.941673e+11	     1261.58	      524.19	  212.98	391.627426	  253.61	  -9.537e+10	  -8.067e+10	  -9.357e+10	  0.772148	  0.661188	 -0.243948	  0.966550	 -0.079187	 -0.296564	  0.003392	  0.955007	  0.923330	  0.256456	  0.285816	9.460312e+15	-1.507130e+16	0.000000e+00	0.000000e+00	0.000000e+00
104.5287	       443	3.599892e+11	      815.10	      315.73	  211.81	365.604159	  248.05	   -1.65e+11	  -1.172e+11	  -1.479e+11	  0.844208	  0.638916	 -0.208363	  0.971629	 -0.111900	 -0.273011	  0.052083	  0.960600	  0.939175	  0.230703	  0.254414	1.107513e+16	-1.742774e+16	0.000000e+00	0.000000e+00	0.000000e+00
129.3306	       545	4.428761e+11	      529.43	      209.91	  211.21	339.220192	  243.80	  -2.487e+11	  -1.789e+11	  -2.145e+11	  0.816281	  0.626300	 -0.179504	  0.974300	 -0.136082	 -0.127365	  0.114148	  0.985266	  0.975478	  0.194191	  0.103601	1.316178e+16	-2.001026e+16	0.000000e+00	0.000000e+00	0.000000e+00
160.0172	       645	5.241378e+11	      330.81	      108.65	  206.57	310.480494	  239.63	  -3.303e+11	  -3.089e+11	  -2.354e+11	  0.892026	  0.635081	 -0.180842	  0.982809	 -0.037190	 -0.160871	  0.007746	  0.986945	  0.970266	  0.184464	  0.156705	1.504810e+16	-2.216860e+16	0.000000e+00	0.000000e+00	0.000000e+00
197.9986	       738	5.997112e+11	      199.80	       53.33	  198.64	280.928078	  235.64	  -4.658e+11	  -4.815e+11	  -2.173e+11	  0.937961	  0.648153	 -0.209530	  0.905647	  0.368647	  0.091652	 -0.357166	  0.929533	  0.973497	  0.228552	 -0.008167	1.664973e+16	-2.382023e+16	0.000000e+00	0.000000e+00	0.000000e+00
 -8.2289	         8	6.500934e+09	    30170.00	    30170.00	  101.45	496.517550	  129.50	  -2.461e+08	    4.04e+08	   3.917e+08	  0.000000	  0.000000	  0.000000	  0.000000	  0.000000	  0.000000	  0.000000	  0.000000	  0.000000	  0.000000	  0.000000	5.451176e+13	-4.108146e+14	0.000000e+00	0.000000e+00	0.000000e+00
-10.4992	         9	7.313551e+09	    16341.43	     3501.60	   95.26	493.421426	  181.49	   2.167e+08	   1.435e+09	       8e+08	  0.000000	  0.000000	  0.000000	  0.000000	  0.000000	  0.000000	  0.000000	  0.000000	  0.000000	  0.000000	  0.000000	1.204430e+14	-4.602755e+14	0.000000e+00	0.000000e+00	0.000000e+00
-13.3958	        13	1.056402e+10	    11364.57	     6743.56	  101.36	488.289248	  182.89	  -1.825e+08	   9.358e+08	    1.22e+09	  0.937485	  0.649183	  0.837868	 -0.317405	 -0.444107	  0.028979	  0.838289	 -0.544455	  0.545103	  0.443311	  0.711574	1.766711e+14	-6.564880e+14	0.000000e+00	0.000000e+00	0.000000e+00
-17.0916	        20	1.625234e+10	     8417.86	     5681.85	  111.30	484.274516	  204.12	   1.234e+09	   1.464e+09	   2.421e+09	  0.839714	  0.615700	  0.420687	 -0.184085	  0.888333	  0.897670	 -0.057134	 -0.436948	  0.131189	  0.981248	  0.141212	3.385879e+14	-9.926781e+14	0.000000e+00	0.000000e+00	0.000000e+00
-21.8069	        36	2.925420e+10	     7295.19	     6252.79	  132.20	475.202278	  190.62	   2.465e+08	   2.947e+09	  -1.236e+08	  0.901132	  0.825334	 -0.556411	 -0.272301	  0.785022	 -0.397097	  0.917045	  0.036639	  0.729877	  0.291343	  0.618384	5.315066e+14	-1.742886e+15	0.000000e+00	0.000000e+00	0.000000e+00
-27.8232	        59	4.794439e+10	     5756.36	     4327.57	  149.83	466.535714	  206.15	   2.161e+08	   2.426e+09	   2.334e+09	  0.884499	  0.692354	  0.796487	  0.555852	 -0.237984	 -0.294995	  0.700788	  0.649519	  0.527813	 -0.447129	  0.722142	1.018773e+15	-2.778158e+15	0.000000e+00	0.000000e+00	0.000000e+00
-35.4993	        92	7.476074e+10	     4321.62	     2989.45	  165.64	453.302654	  223.15	  -4.283e+08	   -1.49e+10	  -1.213e+08	  0.781994	  0.703439	  0.751876	  0.441222	 -0.489904	  0.213341	  0.540265	  0.814002	 -0.623834	  0.716545	 -0.312081	1.861416e+15	-4.195225e+15	0.000000e+00	0.000000e+00	0.000000e+00
 45.2931	       136	1.105159e+11	     3075.81	     1919.08	  178.29	436.595299	  227.06	   1.182e+10	  -3.663e+10	  -1.926e+09	  0.805105	  0.686820	  0.805761	  0.262563	 -0.530857	  0.279797	  0.621247	  0.731960	 -0.521979	  0.738317	 -0.427113	2.848854e+15	-5.973030e+15	0.000000e+00	0.000000e+00	0.000000e+00
 57.7889	       194	1.576477e+11	     2112.44	     1217.95	  188.52	416.880816	  224.81	   2.169e+09	  -5.576e+10	  -1.474e+10	  0.752156	  0.671784	  0.861894	  0.317647	 -0.395271	  0.093070	  0.667157	  0.739080	 -0.498475	  0.673796	 -0.545455	3.983705e+15	-8.126182e+15	0.000000e+00	0.000000e+00	0.000000e+00
 73.7322	       269	2.185939e+11	     1410.25	      758.27	  196.52	394.222842	  226.62	   1.571e+10	  -5.223e+10	  -1.664e+10	  0.694865	  0.615686	  0.900346	  0.351813	 -0.256134	  0.189578	  0.212701	  0.958550	 -0.391711	  0.911584	 -0.124809	5.613073e+15	-1.063243e+16	0.000000e+00	0.000000e+00	0.000000e+00
 94.0740	       371	3.014808e+11	      936.44	      496.51	  204.32	369.072390	  228.51	   5.711e+10	  -1.438e+11	   7.288e+09	  0.639072	  0.538057	  0.894685	  0.431687	 -0.114826	  0.109814	  0.036612	  0.993278	 -0.432989	  0.901280	  0.014649	7.871414e+15	-1.364610e+16	0.000000e+00	0.000000e+00	0.000000e+00
120.0280	       474	3.851803e+11	      576.03	      241.39	  204.46	339.616659	  227.05	   6.556e+10	  -2.034e+11	   5.176e+10	  0.681328	  0.574310	  0.836219	  0.546733	 -0.042664	 -0.002663	  0.081845	  0.996642	 -0.548389	  0.833297	 -0.069896	9.928364e+15	-1.627389e+16	0.000000e+00	0.000000e+00	0.000000e+00
153.1422	       587	4.770060e+11	      343.45	      127.51	  201.44	309.443362	  225.51	   1.179e+11	  -2.968e+11	   1.021e+11	  0.752566	  0.631109	  0.853082	  0.520119	 -0.041560	 -0.047523	  0.156771	  0.986491	 -0.519608	  0.839582	 -0.158456	1.212865e+16	-1.868913e+16	0.000000e+00	0.000000e+00	0.000000e+00
195.4059	       707	5.745200e+11	      199.12	       65.17	  195.71	276.782753	  220.84	   1.663e+11	  -3.301e+11	     1.6e+11	  0.819933	  0.628394	  0.857952	  0.508603	 -0.072400	  0.002579	  0.136663	  0.990614	 -0.513723	  0.850086	 -0.115939	1.400936e+16	-2.078548e+16	0.000000e+00	0.000000e+00	0.000000e+00
-23.7677	         7	5.688317e+09	     1095.60	     1095.60	   55.84	383.084978	  154.40	   4.666e+08	  -1.319e+08	  -8.518e+08	  0.000000	  0.000000	  0.000000	  0.000000	  0.000000	  0.000000	  0.000000	  0.000000	  0.000000	  0.000000	  0.000000	6.780374e+13	-2.100901e+14	0.000000e+00	0.000000e+00	0.000000e+00
-28.1674	        10	8.126168e+09	      940.32	      706.63	   61.30	381.602435	  144.10	   6.694e+08	  -6.911e+08	   -4.27e+08	  0.000000	  0.000000	  0.000000	  0.000000	  0.000000	  0.000000	  0.000000	  0.000000	  0.000000	  0.000000	  0.000000	8.437301e+13	-2.990318e+14	0.000000e+00	0.000000e+00	0.000000e+00
-33.3816	        17	1.381448e+10	      960.38	      990.58	   73.42	379.480072	  143.22	  -3.259e+08	  -1.274e+09	  -2.627e+09	  0.848724	  0.772195	  0.743077	 -0.639063	 -0.198585	 -0.184679	 -0.481051	  0.857020	  0.643219	  0.600157	  0.475480	1.416871e+14	-5.049356e+14	0.000000e+00	0.000000e+00	0.000000e+00
-39.5609	        30	2.437850e+10	     1018.21	     1105.24	   89.60	376.820783	  137.72	   1.975e+08	   5.932e+08	  -6.105e+09	  0.726247	  0.551351	  0.773050	 -0.620356	 -0.132486	 -0.202051	 -0.438777	  0.875585	  0.601306	  0.650103	  0.464540	2.312038e+14	-8.820603e+14	0.000000e+00	0.000000e+00	0.000000e+00
 46.8841	        49	3.981822e+10	      999.16	      970.49	  105.18	372.582207	  157.69	  -3.631e+09	   -1.04e+10	  -3.732e+09	  0.607722	  0.562711	  0.759203	 -0.644039	 -0.093942	 -0.316516	 -0.491460	  0.811347	  0.568708	  0.586242	  0.576967	4.950469e+14	-1.423365e+15	0.000000e+00	0.000000e+00	0.000000e+00
 55.5629	        73	5.932102e+10	      894.30	      736.49	  117.93	366.984830	  157.40	   8.635e+08	  -1.486e+10	   -2.03e+09	  0.682981	  0.655934	 -0.672965	  0.736899	  0.064013	  0.658575	  0.636332	 -0.401697	  0.336744	  0.228171	  0.913532	7.348469e+14	-2.090438e+15	0.000000e+00	0.000000e+00	0.000000e+00
