#r(1)	npart(2)	M_in_r(3)	ovdens(4)	dens(5)	vcirc(6)	vesc(7)	sigv(8)	Lx(9)	Ly(10)	Lz(11)	b(12)	c(13)	Eax(14)	Eay(15)	Eaz(16)	Ebx(17)	Eby(18)	Ebz(19)	Ecx(20)	Ecy(21)	Ecz(22)	Ekin(23)	Epot(24)	M_gas(25)	M_star(26)	U_gas(27)	
 -3.5526	         7	5.688318e+09	   109119.72	   109119.72	   82.98	1026.311838	  235.37	   6.974e+08	   5.579e+08	  -1.474e+09	  0.000000	  0.000000	  0.000000	  0.000000	  0.000000	  0.000000	  0.000000	  0.000000	  0.000000	  0.000000	  0.000000	1.575700e+14	-1.500858e+15	0.000000e+00	0.000000e+00	0.000000e+00
 -4.4635	        13	1.056402e+10	   102178.29	    95119.02	  100.89	1024.503012	  267.74	   1.557e+09	  -3.817e+08	  -1.583e+09	  0.719538	  0.559701	 -0.026109	 -0.277138	  0.960475	  0.974837	  0.205720	  0.085858	 -0.221383	  0.938549	  0.264794	3.786487e+14	-2.781764e+15	0.000000e+00	0.000000e+00	0.000000e+00
 -5.6080	        21	1.706495e+10	    83223.25	    63946.41	  114.40	1022.171618	  266.70	   3.113e+09	  -7.465e+08	   2.892e+08	  0.891069	  0.692863	  0.201987	 -0.457985	  0.865708	 -0.704621	  0.545972	  0.453237	  0.680228	  0.701544	  0.212426	6.068949e+14	-4.482581e+15	0.000000e+00	0.000000e+00	0.000000e+00
 -7.0459	        43	3.494252e+10	    85921.91	    88666.38	  146.04	1018.328579	  320.95	   7.261e+09	   9.031e+08	   4.341e+09	  0.878980	  0.836148	  0.989772	 -0.141259	 -0.019920	 -0.015600	 -0.245976	  0.969150	  0.141801	  0.958927	  0.245664	1.799647e+15	-9.135267e+15	0.000000e+00	0.000000e+00	0.000000e+00
 -8.8525	        77	6.257149e+10	    77577.58	    69091.60	  174.35	1012.494766	  353.14	   1.296e+10	   1.739e+10	   2.031e+09	  0.934273	  0.830402	  0.817242	 -0.509174	 -0.269921	 -0.100332	 -0.586930	  0.803397	  0.567493	  0.629488	  0.530750	3.901508e+15	-1.625450e+16	0.000000e+00	0.000000e+00	0.000000e+00
-11.1224	       125	1.015771e+11	    63498.81	    49181.04	  198.18	1004.600964	  370.91	    1.29e+10	   2.034e+10	    6.97e+08	  0.883494	  0.800032	 -0.496890	  0.783522	  0.373088	  0.109404	 -0.369929	  0.922596	  0.860890	  0.499246	  0.098094	6.987104e+15	-2.616888e+16	0.000000e+00	0.000000e+00	0.000000e+00
-13.9742	       200	1.625234e+11	    51226.62	    38746.08	  223.65	994.974039	  394.07	   7.583e+09	   1.832e+10	  -2.828e+10	  0.922717	  0.780286	 -0.247216	  0.821992	 -0.513043	 -0.441323	  0.375852	  0.814843	  0.862623	  0.427860	  0.269847	1.261927e+16	-4.137689e+16	0.000000e+00	0.000000e+00	0.000000e+00
-17.5573	       323	2.624752e+11	    41713.66	    32039.20	  253.56	981.788286	  404.40	   1.399e+10	   5.366e+10	  -4.845e+10	  0.949407	  0.802031	 -0.218380	 -0.559731	  0.799382	 -0.674628	  0.678475	  0.290772	  0.705115	  0.475786	  0.525776	2.146302e+16	-6.578039e+16	0.000000e+00	0.000000e+00	0.000000e+00
 22.0591	       481	3.908687e+11	    31320.66	    20751.23	  276.05	965.179834	  412.84	   8.533e+09	   1.091e+11	  -1.317e+10	  0.922252	  0.811084	 -0.302581	 -0.497967	  0.812695	 -0.721075	  0.677198	  0.146473	  0.623294	  0.541694	  0.563979	3.330931e+16	-9.622619e+16	0.000000e+00	0.000000e+00	0.000000e+00
 27.7152	       728	5.915850e+11	    23901.62	    16356.62	  302.98	945.333990	  425.45	   2.959e+09	   1.243e+11	   -7.31e+10	  0.851438	  0.756328	 -0.253680	 -0.416303	  0.873120	 -0.727374	  0.677120	  0.111516	  0.637631	  0.606795	  0.474580	5.353995e+16	-1.419495e+17	0.000000e+00	0.000000e+00	0.000000e+00
 34.8215	      1074	8.727505e+11	    17779.12	    11552.68	  328.31	920.795329	  440.72	    1.41e+11	   -4.12e+10	  -2.578e+09	  0.791588	  0.726962	 -0.291645	 -0.342313	  0.893177	 -0.644640	  0.760199	  0.080857	  0.706670	  0.552196	  0.442377	8.476006e+16	-2.031261e+17	0.000000e+00	0.000000e+00	0.000000e+00
 43.7500	      1494	1.214050e+12	    12470.01	     7070.76	  345.46	892.573025	  450.44	   1.977e+11	   2.227e+11	  -3.837e+10	  0.805192	  0.723547	 -0.330501	 -0.306122	  0.892781	  0.714538	 -0.699158	  0.024785	  0.616608	  0.646117	  0.449808	1.231609e+17	-2.730871e+17	0.000000e+00	0.000000e+00	0.000000e+00
 54.9677	      2088	1.696744e+12	     8787.32	     5042.12	  364.35	859.598359	  451.30	   4.136e+11	   7.508e+11	   1.666e+11	  0.800266	  0.750241	 -0.286072	 -0.317770	  0.903983	 -0.600941	  0.794317	  0.089048	  0.746346	  0.517766	  0.418193	1.727892e+17	-3.656442e+17	0.000000e+00	0.000000e+00	0.000000e+00
 69.0618	      2801	2.276140e+12	     5943.60	     3051.59	  376.48	822.361000	  448.37	   1.019e+12	   7.869e+11	   3.739e+11	  0.785509	  0.698534	 -0.290764	 -0.294609	  0.910309	 -0.553795	  0.827668	  0.090975	  0.780236	  0.477672	  0.403809	2.287887e+17	-4.680320e+17	0.000000e+00	0.000000e+00	0.000000e+00
 86.7696	      3642	2.959550e+12	     3896.60	     1814.86	  383.00	781.003699	  443.56	   2.412e+12	   1.245e+12	   5.459e+11	  0.794949	  0.677487	 -0.249923	 -0.301171	  0.920236	 -0.541258	  0.831494	  0.125130	  0.802856	  0.466812	  0.370821	2.911410e+17	-5.779718e+17	0.000000e+00	0.000000e+00	0.000000e+00
109.0179	      4597	3.735599e+12	     2479.88	     1039.11	  383.88	736.705862	  439.84	   3.788e+12	   1.833e+12	   6.168e+11	  0.802708	  0.663137	 -0.262076	 -0.309059	  0.914220	 -0.546654	  0.828233	  0.123283	  0.795290	  0.467453	  0.386008	3.613449e+17	-6.897877e+17	0.000000e+00	0.000000e+00	0.000000e+00
136.9707	      5698	4.630291e+12	     1549.85	      604.02	  381.29	689.698845	  431.79	   6.744e+12	   4.028e+12	   1.394e+12	  0.812863	  0.662672	 -0.254631	 -0.339969	  0.905309	 -0.527861	  0.833259	  0.164443	  0.810263	  0.436005	  0.391630	4.316437e+17	-8.035795e+17	0.000000e+00	0.000000e+00	0.000000e+00
172.0908	      6914	5.618433e+12	      948.21	      336.37	  374.71	640.728162	  423.89	   1.219e+13	   5.306e+12	   2.004e+12	  0.820256	  0.657785	 -0.250658	 -0.364381	  0.896882	 -0.519379	  0.832453	  0.193050	  0.816955	  0.417432	  0.397913	5.047571e+17	-9.126101e+17	0.000000e+00	0.000000e+00	0.000000e+00
216.2159	      8337	6.774786e+12	      576.50	      198.47	  367.09	589.748754	  414.19	   1.532e+13	   8.788e+12	   2.204e+12	  0.816283	  0.660892	 -0.277056	 -0.339340	  0.898937	 -0.513064	  0.843269	  0.160198	  0.812407	  0.416829	  0.407736	5.811241e+17	-1.022015e+18	0.000000e+00	0.000000e+00	0.000000e+00
271.6550	      9856	8.009151e+12	      343.63	      106.82	  356.08	536.669257	  403.11	   2.235e+13	    1.28e+13	   2.819e+12	  0.821494	  0.660022	 -0.322083	 -0.298507	  0.898419	 -0.497999	  0.860504	  0.107377	  0.805146	  0.412827	  0.425810	6.507389e+17	-1.119978e+18	0.000000e+00	0.000000e+00	0.000000e+00
341.3225	     11354	9.226451e+12	      199.57	       53.10	  340.96	482.198089	  394.07	   3.063e+13	   1.875e+13	   3.347e+12	  0.807598	  0.642230	 -0.298427	 -0.252973	  0.920297	 -0.528145	  0.846921	  0.061540	  0.794987	  0.467685	  0.386350	7.163983e+17	-1.199019e+18	0.000000e+00	0.000000e+00	0.000000e+00
 -2.2854	         6	4.875701e+09	   351325.56	   351325.56	   95.79	943.723417	  162.40	   2.018e+08	  -6.993e+07	  -2.242e+08	  0.000000	  0.000000	  0.000000	  0.000000	  0.000000	  0.000000	  0.000000	  0.000000	  0.000000	  0.000000	  0.000000	6.429369e+13	-1.089308e+15	0.000000e+00	0.000000e+00	0.000000e+00
 -2.9243	        11	8.938785e+09	   307458.85	   267394.43	  114.66	940.441361	  156.00	  -1.119e+08	  -9.888e+08	  -5.066e+08	  0.569473	  0.451136	  0.943357	 -0.330826	 -0.025148	  0.270046	  0.809653	 -0.521093	  0.192752	  0.484785	  0.853129	1.087677e+14	-1.990602e+15	0.000000e+00	0.000000e+00	0.000000e+00
 -3.7417	        14	1.137664e+10	   186791.96	    76584.24	  114.35	937.648362	  160.06	  -7.064e+08	  -7.082e+08	  -9.247e+08	  0.896396	  0.595227	  0.903494	  0.261793	 -0.339358	 -0.331304	  0.928902	 -0.165463	  0.271914	  0.261926	  0.925990	1.457327e+14	-2.527351e+15	0.000000e+00	0.000000e+00	0.000000e+00
 -4.7877	        23	1.869019e+10	   146485.21	   109672.18	  129.57	933.329588	  180.76	   1.555e+09	  -5.439e+08	  -5.455e+08	  0.912831	  0.647248	  0.502967	 -0.166991	  0.848020	  0.863257	  0.048752	 -0.502405	  0.042554	  0.984752	  0.168676	3.053289e+14	-4.127234e+15	0.000000e+00	0.000000e+00	0.000000e+00
 -6.1261	        41	3.331729e+10	   124648.09	   104703.77	  152.94	928.764359	  253.12	   9.262e+08	  -4.442e+09	   9.685e+08	  0.791051	  0.758506	  0.656488	 -0.094941	  0.748338	  0.622630	  0.628257	 -0.466503	 -0.425858	  0.772191	  0.471557	1.067327e+15	-7.296189e+15	0.000000e+00	0.000000e+00	0.000000e+00
 -7.8386	        56	4.550654e+10	    81269.13	    41650.18	  158.01	922.005391	  269.47	   8.717e+08	  -2.499e+09	   3.453e+09	  0.885273	  0.776948	 -0.398917	  0.695211	 -0.597952	  0.218044	  0.705295	  0.674548	  0.890686	  0.138709	 -0.432941	1.652196e+15	-9.903673e+15	0.000000e+00	0.000000e+00	0.000000e+00
-10.0298	        94	7.638598e+10	    65118.03	    50366.88	  180.98	915.034483	  305.11	    1.28e+09	   -6.63e+09	  -6.755e+09	  0.861914	  0.802092	  0.529589	 -0.411569	  0.741719	  0.712089	  0.690856	 -0.125087	  0.460939	 -0.594415	 -0.658944	3.555499e+15	-1.640951e+16	0.000000e+00	0.000000e+00	0.000000e+00
-12.8336	       153	1.243304e+11	    50594.19	    37329.25	  204.12	905.316833	  317.49	    5.73e+08	  -1.841e+10	  -1.774e+10	  0.945373	  0.773481	  0.439999	 -0.357245	  0.823879	  0.712724	  0.697052	 -0.078385	 -0.546284	  0.621687	  0.561319	6.266064e+15	-2.632487e+16	0.000000e+00	0.000000e+00	0.000000e+00
-16.4211	       257	2.088425e+11	    40567.49	    31409.89	  233.87	891.990220	  354.68	   2.478e+10	  -1.244e+10	   1.228e+10	  0.917503	  0.770330	  0.088176	 -0.599186	  0.795739	  0.626380	  0.654495	  0.423421	  0.774515	 -0.461099	 -0.433029	1.313618e+16	-4.338042e+16	0.000000e+00	0.000000e+00	0.000000e+00
 21.0115	       378	3.071692e+11	    28482.14	    17444.33	  250.74	875.886574	  381.43	   6.764e+10	   -1.46e+10	   8.103e+10	  0.912416	  0.819573	 -0.024151	 -0.675841	  0.736652	  0.800407	  0.428418	  0.419292	  0.598970	 -0.599748	 -0.530601	2.234491e+16	-6.256618e+16	0.000000e+00	0.000000e+00	0.000000e+00
 26.8851	       576	4.680673e+11	    20717.59	    13626.05	  273.63	856.374617	  396.52	    1.67e+11	  -4.658e+10	   1.166e+11	  0.833548	  0.798740	 -0.084483	  0.784188	 -0.614745	  0.842420	  0.385704	  0.376245	 -0.532157	  0.486087	  0.693201	3.679698e+16	-9.273649e+16	0.000000e+00	0.000000e+00	0.000000e+00
 34.4006	       837	6.801603e+11	    14370.70	     8573.95	  291.60	833.392345	  410.30	   1.902e+11	  -9.519e+10	   1.366e+11	  0.826970	  0.793558	 -0.157785	  0.764783	 -0.624669	 -0.623529	  0.413365	  0.663581	  0.765712	  0.494203	  0.411642	5.725150e+16	-1.304680e+17	0.000000e+00	0.000000e+00	0.000000e+00
 44.0170	      1214	9.865168e+11	     9949.63	     5911.77	  310.46	806.043042	  422.74	   7.744e+10	  -2.875e+11	  -8.968e+09	  0.830412	  0.810839	 -0.074831	  0.799460	 -0.596041	 -0.816616	  0.293913	  0.496744	  0.572311	  0.523908	  0.630858	8.815130e+16	-1.819050e+17	0.000000e+00	0.000000e+00	0.000000e+00
 56.3216	      1732	1.407452e+12	     6775.98	     3877.41	  327.83	774.095475	  426.21	  -2.835e+11	  -4.414e+11	   4.043e+11	  0.794416	  0.768622	 -0.031964	  0.844972	 -0.533855	  0.448759	  0.489396	  0.747735	  0.893081	 -0.215671	 -0.394832	1.278375e+17	-2.475621e+17	0.000000e+00	0.000000e+00	0.000000e+00
 72.0659	      2391	1.942967e+12	     4465.19	     2354.69	  340.51	737.709108	  418.63	  -9.551e+11	  -4.144e+11	   5.856e+11	  0.765681	  0.735302	 -0.042573	  0.820509	 -0.570045	 -0.116781	  0.562565	  0.818464	  0.992245	  0.101415	  0.071870	1.702559e+17	-3.240069e+17	0.000000e+00	0.000000e+00	0.000000e+00
 92.2114	      3158	2.566244e+12	     2815.19	     1308.22	  345.96	697.351289	  415.74	  -1.596e+12	  -8.305e+11	   1.119e+12	  0.762407	  0.746956	 -0.033771	  0.808782	 -0.587138	 -0.106940	  0.581177	  0.806720	  0.993692	  0.090032	  0.066864	2.217707e+17	-4.040229e+17	0.000000e+00	0.000000e+00	0.000000e+00
117.9884	      4043	3.285410e+12	     1720.42	      720.55	  346.05	653.529814	  409.41	  -2.496e+12	  -2.106e+12	   1.916e+12	  0.761828	  0.752832	 -0.020359	  0.838639	 -0.544307	 -0.560851	  0.441112	  0.700619	  0.827666	  0.319539	  0.461371	2.753472e+17	-4.860236e+17	0.000000e+00	0.000000e+00	0.000000e+00
150.9712	      5255	4.270301e+12	     1067.43	      471.04	  348.78	606.166346	  400.13	  -2.227e+12	  -3.666e+12	       2e+12	  0.792950	  0.771329	  0.010453	  0.820451	 -0.571621	  0.633114	  0.437046	  0.638872	  0.773988	 -0.368579	 -0.514870	3.418509e+17	-5.837453e+17	0.000000e+00	0.000000e+00	0.000000e+00
193.1741	      6518	5.296636e+12	      632.00	      234.31	  343.39	555.196985	  385.79	  -3.772e+12	  -7.102e+12	    2.98e+12	  0.811862	  0.793398	  0.012167	  0.872176	 -0.489041	  0.810328	  0.277947	  0.515863	  0.585850	 -0.402560	 -0.703366	3.941614e+17	-6.703564e+17	0.000000e+00	0.000000e+00	0.000000e+00
247.1744	      7817	6.352226e+12	      361.81	      115.04	  332.45	501.876744	  371.76	   -6.12e+12	  -1.283e+13	   3.836e+12	  0.839627	  0.806822	  0.051224	  0.904774	 -0.422800	  0.945581	  0.092276	  0.312029	  0.321330	 -0.415775	 -0.850810	4.389556e+17	-7.440865e+17	0.000000e+00	0.000000e+00	0.000000e+00
316.2838	      9052	7.355807e+12	      199.97	       52.19	  316.26	447.268173	  359.90	  -9.116e+12	  -1.711e+13	   6.283e+12	  0.873714	  0.823116	  0.072156	  0.886563	 -0.456945	  0.957705	  0.066367	  0.279995	 -0.278559	  0.457822	  0.844277	4.763971e+17	-8.004695e+17	0.000000e+00	0.000000e+00	0.000000e+00
 -3.6999	         6	4.875701e+09	    82803.43	    82803.43	   75.28	940.452588	  138.52	  -5.706e+08	   5.174e+08	   8.716e+06	  0.000000	  0.000000	  0.000000	  0.000000	  0.000000	  0.000000	  0.000000	  0.000000	  0.000000	  0.000000	  0.000000	4.677623e+13	-1.079444e+15	0.000000e+00	0.000000e+00	0.000000e+00
 -4.6698	        13	1.056402e+10	    89225.83	    95580.16	   98.64	938.492221	  274.87	  -1.409e+09	   8.089e+08	  -4.239e+09	  0.780317	  0.606343	  0.395081	  0.885548	  0.244368	  0.909037	 -0.338490	 -0.243055	  0.132521	 -0.318166	  0.938727	3.990629e+14	-2.334312e+15	0.000000e+00	0.000000e+00	0.000000e+00
 -5.8941	        25	2.031542e+10	    85337.01	    81489.40	  121.75	935.268542	  302.93	   2.568e+09	  -7.776e+08	   -3.89e+08	  0.755746	  0.664707	  0.899894	  0.435824	  0.015738	 -0.304248	  0.601542	  0.738634	 -0.312448	  0.669481	 -0.673923	9.321658e+14	-4.474173e+15	0.000000e+00	0.000000e+00	0.000000e+00
 -7.4393	        44	3.575514e+10	    74696.50	    64168.76	  143.77	931.017530	  337.57	   1.052e+10	   7.441e+08	       3e+09	  0.885961	  0.756257	  0.916868	  0.066672	 -0.393583	  0.106456	  0.909409	  0.402047	  0.384733	 -0.410523	  0.826711	2.037155e+15	-7.834183e+15	0.000000e+00	0.000000e+00	0.000000e+00
 -9.3897	        75	6.094626e+10	    63322.64	    52069.32	  167.08	925.046232	  360.90	   1.012e+10	    5.39e+09	   1.307e+10	  0.944514	  0.858571	  0.085049	  0.963078	 -0.255435	  0.885006	 -0.190795	 -0.424690	  0.457745	  0.189942	  0.868557	3.969191e+15	-1.325513e+16	0.000000e+00	0.000000e+00	0.000000e+00
-11.8513	       134	1.088907e+11	    56266.86	    49285.86	  198.78	916.341408	  364.70	   1.972e+10	   3.997e+09	   5.943e+09	  0.947928	  0.867264	  0.350420	  0.185446	  0.918050	 -0.168064	  0.976742	 -0.133152	  0.921391	  0.107632	 -0.373437	7.241735e+15	-2.341217e+16	0.000000e+00	0.000000e+00	0.000000e+00
-14.9584	       237	1.925902e+11	    49493.30	    42791.52	  235.31	904.654789	  376.22	   9.549e+09	   8.857e+09	  -5.375e+09	  0.889411	  0.827288	  0.688352	  0.413295	  0.596120	 -0.427197	 -0.433193	  0.793629	 -0.586238	  0.800956	  0.121631	1.363007e+16	-4.076653e+16	0.000000e+00	0.000000e+00	0.000000e+00
-18.8799	       363	2.949799e+11	    37701.17	    26034.02	  259.22	888.586083	  380.87	   1.484e+10	   2.252e+10	   8.495e+09	  0.937262	  0.843760	  0.415159	  0.116929	  0.902203	  0.454524	  0.832404	 -0.317036	  0.788068	 -0.541693	 -0.292433	2.139523e+16	-6.135088e+16	0.000000e+00	0.000000e+00	0.000000e+00
 23.8296	       554	4.501897e+11	    28615.95	    19627.01	  285.04	868.746589	  388.25	   1.992e+10	   2.596e+10	   6.401e+10	  0.927993	  0.838970	  0.590800	  0.556351	  0.584320	  0.025096	 -0.736549	  0.675919	  0.806428	 -0.384669	 -0.449115	3.392964e+16	-9.130957e+16	0.000000e+00	0.000000e+00	0.000000e+00
 30.0769	       799	6.492808e+11	    20525.57	    12520.94	  304.70	845.164216	  396.62	  -3.101e+10	   7.387e+08	   6.476e+10	  0.851971	  0.813758	  0.628401	  0.496228	  0.599057	 -0.247069	 -0.602908	  0.758590	 -0.737610	  0.624707	  0.256266	5.106742e+16	-1.278597e+17	0.000000e+00	0.000000e+00	0.000000e+00
 37.9621	      1110	9.020047e+11	    14181.48	     7904.63	  319.67	817.631592	  403.70	  -8.735e+10	   2.914e+10	   1.696e+11	  0.838913	  0.818561	  0.622072	  0.447979	  0.642138	 -0.163537	 -0.727710	  0.666103	 -0.765691	  0.519378	  0.379426	7.350184e+16	-1.715437e+17	0.000000e+00	0.000000e+00	0.000000e+00
 47.9145	      1509	1.226239e+12	     9588.22	     5043.64	  331.76	786.805723	  404.27	  -2.668e+11	    3.51e+11	   2.506e+11	  0.840284	  0.815036	  0.619736	  0.487237	  0.615246	 -0.372546	 -0.507346	  0.777051	 -0.690751	  0.710774	  0.132902	1.002040e+17	-2.236907e+17	0.000000e+00	0.000000e+00	0.000000e+00
 60.4761	      2012	1.634985e+12	     6358.09	     3162.20	  340.98	752.447386	  407.96	  -1.408e+11	   7.902e+11	  -2.495e+11	  0.822792	  0.779061	  0.611766	  0.569270	  0.549248	 -0.465474	 -0.302341	  0.831820	 -0.639591	  0.764540	 -0.080018	1.360560e+17	-2.842214e+17	0.000000e+00	0.000000e+00	0.000000e+00
 76.3309	      2641	2.146121e+12	     4150.66	     1966.63	  347.73	714.678165	  406.33	  -3.878e+11	   2.229e+12	   -3.27e+11	  0.806568	  0.763147	  0.596110	  0.594065	  0.540129	 -0.303054	 -0.456482	  0.836530	  0.743512	 -0.662352	 -0.092079	1.771701e+17	-3.529767e+17	0.000000e+00	0.000000e+00	0.000000e+00
 96.3423	      3384	2.749895e+12	     2645.02	     1155.34	  350.36	673.795732	  400.03	  -1.192e+12	   4.074e+12	  -1.239e+12	  0.797890	  0.771566	  0.600507	  0.542858	  0.587108	 -0.380808	 -0.451472	  0.806944	 -0.703119	  0.708151	  0.064387	2.200192e+17	-4.257004e+17	0.000000e+00	0.000000e+00	0.000000e+00
121.6000	      4251	3.454434e+12	     1652.50	      670.49	  349.53	629.950148	  392.95	  -1.756e+12	   7.843e+12	  -2.551e+12	  0.797096	  0.775908	  0.617893	  0.542071	  0.569533	 -0.585739	 -0.165868	  0.793346	 -0.524517	  0.823801	 -0.215023	2.666994e+17	-5.005316e+17	0.000000e+00	0.000000e+00	0.000000e+00
153.4794	      5249	4.265426e+12	     1014.79	      383.84	  345.72	583.465381	  384.28	  -1.892e+12	   1.304e+13	  -4.127e+12	  0.784932	  0.759137	  0.596071	  0.508412	  0.621463	 -0.750990	  0.079152	  0.655553	 -0.284101	  0.857468	 -0.428993	3.149414e+17	-5.751704e+17	0.000000e+00	0.000000e+00	0.000000e+00
193.7165	      6184	5.025222e+12	      594.59	      178.85	  334.01	535.192701	  376.85	  -2.726e+12	   1.732e+13	  -4.981e+12	  0.803575	  0.769123	  0.575250	  0.498935	  0.648191	 -0.817669	  0.328976	  0.472433	  0.022474	 -0.801772	  0.597207	3.568295e+17	-6.347069e+17	0.000000e+00	0.000000e+00	0.000000e+00
244.5025	      7211	5.859780e+12	      344.82	       97.70	  321.05	486.371987	  368.02	  -1.896e+12	   2.579e+13	  -5.702e+12	  0.844738	  0.801256	  0.437156	  0.588594	  0.680038	  0.888491	 -0.399960	 -0.224981	 -0.139566	 -0.702559	  0.697805	3.968290e+17	-6.890383e+17	0.000000e+00	0.000000e+00	0.000000e+00
308.6164	      8406	6.830857e+12	      199.89	       56.52	  308.53	436.334571	  357.81	  -4.201e+12	   3.576e+13	  -8.972e+12	  0.847073	  0.788201	  0.298349	  0.636444	  0.711285	  0.953644	 -0.168026	 -0.249660	 -0.039380	  0.752799	 -0.657072	4.372811e+17	-7.407279e+17	0.000000e+00	0.000000e+00	0.000000e+00
 -3.5856	         8	6.500935e+09	   121297.99	   121297.99	   88.30	848.373461	  262.61	   -8.07e+08	   7.035e+08	  -5.706e+08	  0.000000	  0.000000	  0.000000	  0.000000	  0.000000	  0.000000	  0.000000	  0.000000	  0.000000	  0.000000	  0.000000	2.241719e+14	-1.177474e+15	0.000000e+00	0.000000e+00	0.000000e+00
 -4.5102	        14	1.137664e+10	   106657.75	    91872.78	  104.15	846.252213	  281.04	  -4.669e+08	    8.95e+08	    5.62e+08	  0.779137	  0.616755	  0.144674	  0.739526	  0.657397	 -0.823248	 -0.278621	  0.494603	  0.548937	 -0.612757	  0.568504	4.492714e+14	-2.053085e+15	0.000000e+00	0.000000e+00	0.000000e+00
 -5.6732	        25	2.031542e+10	    95698.50	    84630.92	  124.10	842.897462	  273.60	  -3.872e+09	  -5.605e+08	   1.216e+09	  0.837630	  0.675656	 -0.194712	  0.739080	  0.644862	 -0.675571	 -0.577697	  0.458117	  0.711120	 -0.346449	  0.611786	7.603651e+14	-3.647498e+15	0.000000e+00	0.000000e+00	0.000000e+00
 -7.1361	        41	3.331729e+10	    78858.72	    61852.48	  141.70	837.825290	  280.59	   -1.22e+09	   3.223e+09	  -1.702e+09	  0.799924	  0.730421	 -0.127285	  0.958787	  0.254022	 -0.728919	 -0.264106	  0.631605	  0.672663	 -0.104768	  0.732494	1.311549e+15	-5.943880e+15	0.000000e+00	0.000000e+00	0.000000e+00
 -8.9762	        74	6.013364e+10	    71515.20	    64099.08	  169.74	831.070859	  280.08	  -1.409e+10	   4.123e+09	  -2.248e+09	  0.878085	  0.690701	 -0.099694	  0.854865	  0.509183	 -0.514439	 -0.482314	  0.709031	  0.851712	 -0.191257	  0.487860	2.358522e+15	-1.061189e+16	0.000000e+00	0.000000e+00	0.000000e+00
-11.2909	       135	1.097033e+11	    65554.30	    59534.47	  204.42	821.565951	  287.11	  -1.406e+10	  -1.083e+09	   5.754e+09	  0.831229	  0.771512	  0.517565	  0.716431	 -0.467817	 -0.181423	  0.626196	  0.758264	  0.836189	 -0.307578	  0.454074	4.521693e+15	-1.906605e+16	0.000000e+00	0.000000e+00	0.000000e+00
-14.2024	       205	1.665864e+11	    50017.50	    34327.12	  224.60	808.563131	  289.26	  -7.962e+09	  -3.948e+09	   1.025e+10	  0.855580	  0.820731	  0.509005	  0.829463	 -0.230010	  0.782076	 -0.557274	 -0.278934	  0.359544	  0.037906	  0.932358	6.969386e+15	-2.850447e+16	0.000000e+00	0.000000e+00	0.000000e+00
-17.8646	       304	2.470355e+11	    37268.55	    24393.57	  243.87	792.442789	  304.13	    4.35e+09	  -1.526e+10	   2.963e+10	  0.852108	  0.797790	  0.520695	  0.821598	 -0.232063	  0.848351	 -0.528427	  0.032655	  0.095799	  0.213874	  0.972152	1.142510e+16	-4.140570e+16	0.000000e+00	0.000000e+00	0.000000e+00
 22.4712	       435	3.534883e+11	    26795.32	    16218.56	  260.10	774.349588	  321.93	   4.133e+10	  -5.144e+09	   5.454e+10	  0.890812	  0.806386	  0.507715	  0.818950	 -0.267483	  0.811769	 -0.558736	 -0.169841	  0.288544	  0.130904	  0.948476	1.831722e+16	-5.771198e+16	0.000000e+00	0.000000e+00	0.000000e+00
 28.2657	       593	4.818818e+11	    18353.76	     9828.76	  270.77	753.085446	  331.88	  -4.408e+10	  -5.033e+10	    9.74e+10	  0.920508	  0.773044	  0.373180	  0.870736	 -0.320244	  0.817812	 -0.471730	 -0.329628	  0.438088	  0.138888	  0.888138	2.653872e+16	-7.642245e+16	0.000000e+00	0.000000e+00	0.000000e+00
 35.5544	       795	6.460304e+11	    12363.41	     6313.84	  279.54	729.845489	  344.06	  -1.766e+11	   -7.32e+10	   1.113e+11	  0.912172	  0.738781	  0.090022	  0.967537	 -0.236152	  0.915668	 -0.173668	 -0.362479	  0.391724	  0.183606	  0.901577	3.823848e+16	-9.897999e+16	0.000000e+00	0.000000e+00	0.000000e+00
 44.7225	      1055	8.573107e+11	     8243.74	     4083.35	  287.13	704.190583	  356.40	  -2.646e+11	   5.055e+10	   1.479e+11	  0.906984	  0.755323	  0.212014	  0.928744	 -0.304113	  0.882769	 -0.315504	 -0.348103	  0.419247	  0.194659	  0.886758	5.444789e+16	-1.261027e+17	0.000000e+00	0.000000e+00	0.000000e+00
 56.2547	      1384	1.124662e+12	     5433.86	     2596.21	  293.22	676.237207	  366.54	  -7.764e+11	  -1.062e+11	   9.025e+10	  0.928661	  0.737892	  0.243768	  0.917139	 -0.315330	  0.868298	 -0.351222	 -0.350287	  0.432013	  0.188412	  0.881967	7.554984e+16	-1.579057e+17	0.000000e+00	0.000000e+00	0.000000e+00
 70.7607	      1879	1.526907e+12	     3706.81	     1962.68	  304.63	645.093153	  373.69	  -2.735e+12	   -8.38e+11	  -7.266e+11	  0.912567	  0.693598	 -0.245411	  0.965566	 -0.086352	  0.866032	  0.178339	 -0.467101	  0.435616	  0.189415	  0.879977	1.066130e+17	-2.017779e+17	0.000000e+00	0.000000e+00	0.000000e+00
 89.0072	      2573	2.090863e+12	     2550.43	     1382.63	  317.85	609.473235	  381.59	  -7.256e+12	  -2.455e+12	  -3.387e+12	  0.818715	  0.631398	 -0.417066	  0.906238	  0.069202	  0.751974	  0.386831	 -0.533757	  0.510480	  0.170574	  0.842802	1.522291e+17	-2.573084e+17	0.000000e+00	0.000000e+00	0.000000e+00
111.9588	      3262	2.650756e+12	     1624.65	      689.71	  319.10	569.755511	  378.33	  -1.107e+13	  -3.583e+12	  -5.895e+12	  0.855169	  0.641852	 -0.431188	  0.897678	  0.090839	  0.729835	  0.406208	 -0.549851	  0.530489	  0.170792	  0.830308	1.897099e+17	-3.060535e+17	0.000000e+00	0.000000e+00	0.000000e+00
140.8288	      3938	3.200085e+12	      985.49	      340.01	  312.61	528.000695	  371.08	  -1.561e+13	  -4.403e+12	  -7.946e+12	  0.920403	  0.685676	 -0.246434	  0.968465	 -0.036677	  0.778865	  0.175383	 -0.602171	  0.576749	  0.176962	  0.797524	2.203263e+17	-3.473944e+17	0.000000e+00	0.000000e+00	0.000000e+00
177.1432	      4661	3.787607e+12	      586.08	      182.72	  303.24	485.153590	  363.25	  -2.054e+13	  -3.979e+12	  -9.403e+12	  0.955247	  0.710682	  0.108615	  0.945581	 -0.306725	  0.793490	 -0.268331	 -0.546234	  0.598812	  0.184054	  0.779454	2.498948e+17	-3.850292e+17	0.000000e+00	0.000000e+00	0.000000e+00
222.8217	      5440	4.420635e+12	      343.70	       98.92	  292.10	441.009246	  354.60	  -2.593e+13	   -1.99e+12	  -9.198e+12	  0.913342	  0.688878	  0.457374	  0.713822	 -0.530347	  0.668937	 -0.669126	 -0.323718	  0.585946	  0.206709	  0.783543	2.779288e+17	-4.190645e+17	0.000000e+00	0.000000e+00	0.000000e+00
280.2926	      6294	5.114610e+12	      199.78	       54.47	  280.14	396.180354	  345.42	  -3.163e+13	   4.221e+12	  -7.929e+12	  0.834542	  0.668172	  0.562324	  0.600226	 -0.568788	  0.586795	 -0.774288	 -0.236958	  0.582635	  0.200515	  0.787611	3.051196e+17	-4.495446e+17	0.000000e+00	0.000000e+00	0.000000e+00
 -4.0553	         7	5.688318e+09	    73364.78	    73364.78	   77.67	654.165267	  199.53	   9.785e+08	      -3e+08	  -5.355e+08	  0.000000	  0.000000	  0.000000	  0.000000	  0.000000	  0.000000	  0.000000	  0.000000	  0.000000	  0.000000	  0.000000	1.132301e+14	-6.123371e+14	0.000000e+00	0.000000e+00	0.000000e+00
 -5.1267	        17	1.381449e+10	    88182.37	   102702.45	  107.65	651.245718	  190.73	    1.31e+09	  -6.925e+08	  -4.814e+07	  0.839799	  0.777777	  0.256915	  0.713024	  0.652374	  0.932044	 -0.361277	  0.027812	 -0.255518	 -0.600896	  0.757387	2.512642e+14	-1.477503e+15	0.000000e+00	0.000000e+00	0.000000e+00
 -6.4812	        28	2.275327e+10	    71884.32	    55913.51	  122.87	647.068231	  230.34	  -1.258e+08	   1.605e+09	  -7.897e+08	  0.746745	  0.656087	  0.310316	  0.909863	  0.275414	  0.886379	 -0.172227	 -0.429733	  0.343564	 -0.377475	  0.859928	6.036069e+14	-2.416917e+15	0.000000e+00	0.000000e+00	0.000000e+00
 -8.1936	        48	3.900561e+10	    60990.29	    50314.99	  143.08	640.566954	  244.76	  -1.738e+09	   4.078e+09	  -3.589e+09	  0.828181	  0.671166	  0.179322	  0.803942	  0.567028	 -0.116599	 -0.554940	  0.823679	  0.976856	 -0.213818	 -0.005774	1.168352e+15	-4.100941e+15	0.000000e+00	0.000000e+00	0.000000e+00
-10.3585	        68	5.525794e+10	    42763.34	    24902.37	  151.47	632.695672	  268.85	  -8.224e+09	   9.155e+09	   -6.64e+08	  0.826761	  0.756135	  0.372164	  0.840279	  0.394239	 -0.758838	  0.030872	  0.650548	  0.534471	 -0.541274	  0.649125	1.996958e+15	-5.746651e+15	0.000000e+00	0.000000e+00	0.000000e+00
-13.0953	       107	8.695000e+10	    33303.50	    24033.59	  168.98	623.275340	  268.37	   1.064e+10	   5.312e+09	  -1.012e+10	  0.864947	  0.670400	  0.587135	  0.633129	  0.504401	  0.697410	 -0.711979	  0.081881	 -0.410964	 -0.303699	  0.859578	3.131177e+15	-8.862210e+15	0.000000e+00	0.000000e+00	0.000000e+00
-16.5552	       181	1.470836e+11	    27882.26	    22569.87	  195.47	610.244089	  271.09	   1.703e+10	    -5.5e+08	  -2.417e+10	  0.812405	  0.722367	  0.651412	  0.533796	  0.539188	 -0.088557	 -0.652302	  0.752768	 -0.753538	  0.538111	  0.377647	5.404758e+15	-1.459098e+16	0.000000e+00	0.000000e+00	0.000000e+00
-20.9292	       268	2.177813e+11	    20432.78	    13132.88	  211.54	594.538170	  270.98	   4.701e+10	   2.753e+10	  -6.065e+10	  0.748782	  0.676051	  0.736579	  0.477400	  0.479104	 -0.161707	 -0.563518	  0.810122	 -0.656736	  0.674194	  0.337877	7.995727e+15	-2.101545e+16	0.000000e+00	0.000000e+00	0.000000e+00
 26.4589	       385	3.128575e+11	    14527.69	     8741.17	  225.50	575.572689	  278.69	   8.174e+10	   4.266e+10	  -5.299e+10	  0.721374	  0.673043	  0.700623	  0.439517	  0.562096	 -0.265646	 -0.570466	  0.777175	 -0.662238	  0.693825	  0.282926	1.214940e+16	-2.913074e+16	0.000000e+00	0.000000e+00	0.000000e+00
 33.4495	       508	4.128093e+11	     9487.31	     4548.12	  230.38	553.972144	  279.85	    1.17e+11	  -4.695e+10	  -4.847e+10	  0.768412	  0.729844	  0.629955	  0.453215	  0.630676	 -0.401986	 -0.504540	  0.764098	 -0.664502	  0.734871	  0.135652	1.616530e+16	-3.708420e+16	0.000000e+00	0.000000e+00	0.000000e+00
 42.2872	       701	5.696444e+11	     6479.49	     3532.06	  240.69	529.780665	  283.35	   1.349e+11	  -2.105e+11	  -9.737e+10	  0.784781	  0.737606	  0.611780	  0.495453	  0.616646	 -0.129903	 -0.706040	  0.696155	 -0.780289	  0.505998	  0.367580	2.286837e+16	-4.861928e+16	0.000000e+00	0.000000e+00	0.000000e+00
 53.4599	       902	7.329804e+11	     4126.41	     1820.58	  242.83	503.194454	  282.06	   1.567e+11	  -4.376e+11	   -2.57e+11	  0.794043	  0.753556	  0.555359	  0.350431	  0.754171	  0.574445	  0.494096	 -0.652597	 -0.601323	  0.795655	  0.073098	2.915681e+16	-5.951567e+16	0.000000e+00	0.000000e+00	0.000000e+00
 67.5845	      1170	9.507617e+11	     2649.08	     1201.41	  245.97	474.249507	  278.04	   2.553e+11	  -7.737e+11	  -3.977e+11	  0.766447	  0.689219	  0.610244	  0.369078	  0.700988	 -0.556229	 -0.430450	  0.710860	 -0.564103	  0.823708	  0.057387	3.674915e+16	-7.254894e+16	0.000000e+00	0.000000e+00	0.000000e+00
 85.4409	      1460	1.186421e+12	     1636.08	      643.43	  244.37	443.624774	  274.30	   4.126e+11	  -1.414e+12	  -5.315e+11	  0.799241	  0.733691	  0.586928	  0.373446	  0.718369	  0.600955	  0.393638	 -0.695631	 -0.542558	  0.839992	  0.006613	4.463299e+16	-8.493900e+16	0.000000e+00	0.000000e+00	0.000000e+00
108.0152	      1776	1.443207e+12	      985.01	      347.00	  239.71	411.565877	  271.34	   7.168e+11	  -2.294e+12	  -1.163e+12	  0.808102	  0.753093	  0.596802	  0.403483	  0.693563	 -0.587592	 -0.368852	  0.720197	 -0.546409	  0.837347	 -0.016952	5.312758e+16	-9.664153e+16	0.000000e+00	0.000000e+00	0.000000e+00
136.5537	      2140	1.739000e+12	      587.43	      197.83	  234.03	378.116407	  264.01	   8.485e+11	  -3.313e+12	  -1.704e+12	  0.826966	  0.774593	  0.594326	  0.385701	  0.705699	 -0.524503	 -0.479296	  0.703685	 -0.609651	  0.788359	  0.082557	6.060700e+16	-1.081475e+17	0.000000e+00	0.000000e+00	0.000000e+00
172.6325	      2514	2.042919e+12	      341.54	      100.60	  225.60	343.811128	  257.43	   1.145e+12	  -5.003e+12	  -2.658e+12	  0.819054	  0.776396	  0.646384	  0.373036	  0.665607	 -0.402720	 -0.574143	  0.712865	 -0.648078	  0.728837	  0.220888	6.769345e+16	-1.180814e+17	0.000000e+00	0.000000e+00	0.000000e+00
218.2571	      2973	2.415910e+12	      199.87	       61.08	  218.18	308.568533	  251.72	   2.569e+12	  -8.126e+12	  -4.943e+12	  0.838711	  0.771592	  0.660726	  0.188003	  0.726702	  0.416843	  0.713227	 -0.563515	 -0.624246	  0.675250	  0.392880	7.653998e+16	-1.279655e+17	0.000000e+00	0.000000e+00	0.000000e+00
 -3.7127	         6	4.875701e+09	    81946.64	    81946.64	   75.15	619.817060	  127.49	    2.12e+08	  -1.537e+08	   7.163e+08	  0.000000	  0.000000	  0.000000	  0.000000	  0.000000	  0.000000	  0.000000	  0.000000	  0.000000	  0.000000	  0.000000	3.962178e+13	-4.786403e+14	0.000000e+00	0.000000e+00	0.000000e+00
 -4.7802	        12	9.751402e+09	    76785.62	    72236.17	   93.66	617.653028	  151.30	  -5.142e+08	  -6.986e+08	   1.383e+09	  0.660029	  0.641657	 -0.671828	  0.683001	  0.286629	  0.730817	  0.674241	  0.106325	  0.120637	 -0.280905	  0.952123	1.116181e+14	-9.451064e+14	0.000000e+00	0.000000e+00	0.000000e+00
 -6.1548	        29	2.356589e+10	    86939.15	    95889.52	  128.32	611.800027	  198.82	   1.074e+09	   7.364e+08	   1.289e+08	  0.887336	  0.823076	  0.976630	 -0.020217	  0.213974	 -0.210394	  0.113473	  0.971009	  0.043911	  0.993335	 -0.106568	4.657704e+14	-2.252217e+15	0.000000e+00	0.000000e+00	0.000000e+00
 -7.9245	        48	3.900561e+10	    67418.24	    50210.50	  145.49	605.019062	  209.25	  -1.501e+09	    3.13e+09	  -4.343e+09	  0.849715	  0.809265	  0.955524	 -0.260302	  0.138621	  0.264486	  0.964310	 -0.012344	 -0.130461	  0.048458	  0.990269	8.539287e+14	-3.680500e+15	0.000000e+00	0.000000e+00	0.000000e+00
-10.2031	        84	6.825981e+10	    55275.69	    44572.01	  169.62	594.904142	  210.15	  -4.393e+09	  -1.125e+09	   -4.83e+09	  0.944542	  0.885094	  0.804408	 -0.577122	 -0.140918	  0.082861	 -0.125890	  0.988578	  0.588270	  0.806897	  0.053446	1.507278e+15	-6.310647e+15	0.000000e+00	0.000000e+00	0.000000e+00
-13.1369	       131	1.064528e+11	    40387.31	    27263.17	  186.68	581.343671	  220.95	  -1.322e+10	  -1.428e+09	  -2.848e+10	  0.977018	  0.917823	  0.652546	 -0.729049	  0.206567	  0.724322	  0.520061	 -0.452653	  0.222579	  0.444999	  0.867430	2.598510e+15	-9.607580e+15	0.000000e+00	0.000000e+00	0.000000e+00
-16.9142	       187	1.519593e+11	    27010.59	    15218.97	  196.56	564.709015	  228.21	   -3.43e+10	  -5.475e+07	  -3.016e+10	  0.955622	  0.788601	 -0.643433	  0.738258	  0.202407	  0.485645	  0.598062	 -0.637550	  0.591729	  0.311923	  0.743345	3.957147e+15	-1.335353e+16	0.000000e+00	0.000000e+00	0.000000e+00
 21.7777	       268	2.177813e+11	    18136.19	    10313.38	  207.38	545.754692	  235.44	   -3.83e+10	   4.427e+09	  -2.821e+10	  0.887713	  0.746527	  0.706715	  0.033083	 -0.706724	 -0.371940	  0.867105	 -0.331344	  0.601843	  0.497025	  0.625101	6.035850e+15	-1.843241e+16	0.000000e+00	0.000000e+00	0.000000e+00
 28.0397	       356	2.892916e+11	    11287.04	     5249.49	  210.64	525.271240	  242.76	  -3.897e+10	  -6.499e+09	  -5.148e+10	  0.949386	  0.768126	  0.804336	 -0.267209	 -0.530700	  0.044222	 -0.863773	  0.501936	  0.592526	  0.427194	  0.682948	8.524514e+15	-2.354282e+16	0.000000e+00	0.000000e+00	0.000000e+00
 36.1022	       478	3.884308e+11	     7100.30	     3409.68	  215.11	503.003695	  245.65	  -3.672e+10	  -2.035e+10	  -4.562e+10	  0.938109	  0.746986	  0.699983	  0.322597	 -0.637146	  0.519722	 -0.841999	  0.144661	  0.489809	  0.432399	  0.757046	1.171982e+16	-3.008256e+16	0.000000e+00	0.000000e+00	0.000000e+00
 46.4830	       624	5.070729e+11	     4342.62	     1911.72	  216.60	478.872608	  246.17	    1.66e+10	  -5.117e+10	  -8.252e+10	  0.960617	  0.747482	  0.776529	  0.211389	 -0.593564	  0.410513	 -0.884396	  0.222088	  0.477998	  0.416123	  0.773537	1.536476e+16	-3.723502e+16	0.000000e+00	0.000000e+00	0.000000e+00
 59.8487	       807	6.557818e+11	     2631.24	     1122.64	  217.08	453.832899	  250.08	   7.607e+10	    -3.9e+10	   -3.36e+08	  0.911537	  0.751412	  0.598455	  0.558178	 -0.574708	  0.643501	 -0.762219	 -0.070205	  0.477241	  0.327811	  0.815341	2.050600e+16	-4.530236e+16	0.000000e+00	0.000000e+00	0.000000e+00
 77.0575	      1029	8.361827e+11	     1571.88	      638.06	  216.03	426.800838	  252.46	   6.918e+10	  -7.001e+10	  -1.532e+11	  0.899435	  0.751077	  0.493697	  0.644091	 -0.584303	  0.764503	 -0.641690	 -0.061395	  0.414485	  0.416391	  0.809210	2.664753e+16	-5.404717e+16	0.000000e+00	0.000000e+00	0.000000e+00
 99.2145	      1307	1.062090e+12	      935.40	      374.35	  214.57	398.374160	  250.38	   1.217e+11	    9.64e+10	  -1.316e+11	  0.905254	  0.750400	  0.404938	  0.745180	 -0.529842	  0.768271	 -0.591495	 -0.244731	  0.495768	  0.307961	  0.812019	3.329122e+16	-6.362472e+16	0.000000e+00	0.000000e+00	0.000000e+00
127.7426	      1670	1.357070e+12	      559.96	      229.01	  213.75	368.397848	  244.70	   1.084e+11	   4.936e+11	  -4.172e+11	  0.876067	  0.712397	  0.406528	  0.785996	 -0.465773	  0.780044	 -0.564016	 -0.270957	  0.475675	  0.253171	  0.842400	4.063016e+16	-7.440816e+16	0.000000e+00	0.000000e+00	0.000000e+00
164.4736	      2154	1.750377e+12	      338.38	      143.06	  213.94	335.484891	  239.84	   6.099e+11	    9.37e+11	  -4.058e+11	  0.886687	  0.707764	  0.334036	  0.849634	 -0.408095	  0.853268	 -0.456521	 -0.252035	  0.400442	  0.264026	  0.877460	5.034191e+16	-8.660470e+16	0.000000e+00	0.000000e+00	0.000000e+00
211.7797	      2714	2.205442e+12	      199.71	       77.52	  211.63	299.296399	  237.68	   2.025e+12	   5.237e+11	   -6.63e+11	  0.897934	  0.680320	  0.233729	  0.884509	 -0.403751	  0.855869	 -0.384204	 -0.346231	  0.461367	  0.264634	  0.846823	6.229729e+16	-9.810086e+16	0.000000e+00	0.000000e+00	0.000000e+00
 -4.5322	         6	4.875701e+09	    45048.28	    45048.28	   68.02	559.205927	  117.25	   4.295e+08	  -6.387e+08	    3.88e+08	  0.000000	  0.000000	  0.000000	  0.000000	  0.000000	  0.000000	  0.000000	  0.000000	  0.000000	  0.000000	  0.000000	3.351205e+13	-3.828292e+14	0.000000e+00	0.000000e+00	0.000000e+00
 -5.7332	        13	1.056402e+10	    48218.35	    51313.45	   89.02	556.489734	  168.21	  -2.754e+08	   -1.58e+09	  -5.686e+08	  0.889953	  0.466076	 -0.194254	  0.543173	  0.816840	 -0.482817	  0.671915	 -0.561622	  0.853905	  0.503481	 -0.131731	1.494588e+14	-8.252774e+14	0.000000e+00	0.000000e+00	0.000000e+00
 -7.2524	        25	2.031542e+10	    45809.02	    43456.67	  109.76	552.298475	  205.93	   1.257e+09	  -4.654e+09	   1.726e+08	  0.733426	  0.599871	  0.200966	  0.418131	  0.885878	  0.890891	 -0.454053	  0.012208	  0.407340	  0.786767	 -0.463758	4.307631e+14	-1.574816e+15	0.000000e+00	0.000000e+00	0.000000e+00
 -9.1741	        50	4.063084e+10	    45260.89	    44725.72	  138.01	546.525278	  205.64	  -6.425e+08	   -1.61e+09	   1.412e+09	  0.705621	  0.659316	  0.065306	  0.144497	  0.987348	  0.867884	  0.480083	 -0.127664	 -0.492456	  0.865240	 -0.094054	8.590617e+14	-3.104911e+15	0.000000e+00	0.000000e+00	0.000000e+00
-11.6052	        78	6.338411e+10	    34881.06	    24746.70	  153.26	536.993457	  217.22	  -5.428e+06	    1.58e+08	   6.048e+08	  0.837280	  0.754466	  0.286212	  0.049528	  0.956885	  0.944212	  0.155237	 -0.290457	 -0.162930	  0.986635	 -0.002334	1.495378e+15	-4.777992e+15	0.000000e+00	0.000000e+00	0.000000e+00
-14.6804	       110	8.938785e+10	    24301.32	    13971.77	  161.82	525.577634	  213.94	   -6.64e+09	  -2.844e+09	   -5.48e+09	  0.809374	  0.791817	  0.052246	  0.311268	  0.948885	  0.174898	  0.932645	 -0.315570	  0.983199	 -0.182445	  0.005713	2.045659e+15	-6.607257e+15	0.000000e+00	0.000000e+00	0.000000e+00
-18.5705	       157	1.275808e+11	    17134.79	    10137.74	  171.89	514.263652	  228.57	   -1.28e+10	  -1.088e+10	   7.672e+09	  0.809979	  0.729845	 -0.215808	  0.583782	  0.782704	 -0.006983	  0.800649	 -0.599092	  0.976411	  0.134754	  0.168710	3.332824e+15	-9.178202e+15	0.000000e+00	0.000000e+00	0.000000e+00
 23.4914	       226	1.836514e+11	    12185.12	     7352.49	  183.36	500.281923	  236.65	  -1.249e+10	   8.205e+09	   1.286e+09	  0.840297	  0.685294	 -0.153691	  0.639374	  0.753379	 -0.168496	  0.734313	 -0.657567	  0.973647	  0.228003	  0.005125	5.142430e+15	-1.276815e+16	0.000000e+00	0.000000e+00	0.000000e+00
 29.7164	       321	2.608500e+11	     8550.04	     5000.93	  194.30	483.154133	  239.45	  -3.392e+10	   1.853e+10	   2.767e+09	  0.813420	  0.648581	 -0.168063	  0.553185	  0.815930	 -0.496820	  0.667364	 -0.554794	  0.851425	  0.498610	 -0.162674	7.478252e+15	-1.743317e+16	0.000000e+00	0.000000e+00	0.000000e+00
