#r(1)	npart(2)	M_in_r(3)	ovdens(4)	dens(5)	vcirc(6)	vesc(7)	sigv(8)	Lx(9)	Ly(10)	Lz(11)	b(12)	c(13)	Eax(14)	Eay(15)	Eaz(16)	Ebx(17)	Eby(18)	Ebz(19)	Ecx(20)	Ecy(21)	Ecz(22)	Ekin(23)	Epot(24)	M_gas(25)	M_star(26)	U_gas(27)	
 -3.8942	        10	8.126168e+09	   118353.27	   118353.27	   94.73	1188.123243	  391.41	   1.345e+09	  -7.878e+08	    2.18e+09	  0.000000	  0.000000	  0.000000	  0.000000	  0.000000	  0.000000	  0.000000	  0.000000	  0.000000	  0.000000	  0.000000	6.224650e+14	-2.873762e+15	0.000000e+00	0.000000e+00	0.000000e+00
 -4.8456	        20	1.625234e+10	   122870.97	   127747.24	  120.10	1186.093793	  395.33	    3.52e+09	  -5.201e+09	   4.099e+09	  0.658291	  0.600234	  0.506034	  0.751161	 -0.423894	  0.814470	 -0.577893	 -0.051761	  0.283846	  0.319056	  0.904231	1.270026e+15	-5.736956e+15	0.000000e+00	0.000000e+00	0.000000e+00
 -6.0293	        35	2.844159e+10	   111615.97	    99467.64	  142.43	1183.020282	  427.35	   7.961e+09	  -2.813e+09	    3.26e+09	  0.720597	  0.512294	 -0.409852	 -0.582515	  0.701924	 -0.036677	  0.779428	  0.625418	  0.911414	 -0.230584	  0.340815	2.597154e+15	-1.001304e+16	0.000000e+00	0.000000e+00	0.000000e+00
 -7.5021	        60	4.875701e+10	    99322.71	    86053.71	  167.18	1178.730104	  448.86	    1.01e+10	   3.137e+09	  -1.471e+09	  0.818540	  0.592648	  0.543298	  0.537456	 -0.644956	 -0.032012	  0.780929	  0.623799	  0.838930	 -0.318262	  0.441482	4.911763e+15	-1.709681e+16	0.000000e+00	0.000000e+00	0.000000e+00
 -9.3348	       117	9.507617e+10	   100536.14	   101845.87	  209.29	1172.544643	  428.17	   7.581e+09	   2.451e+08	  -8.872e+09	  0.866959	  0.736635	  0.335982	  0.672579	 -0.659359	 -0.349406	  0.739105	  0.575881	  0.874661	  0.036899	  0.483329	8.715240e+15	-3.309713e+16	0.000000e+00	0.000000e+00	0.000000e+00
-11.6151	       192	1.560224e+11	    85639.98	    69561.49	  240.35	1162.980512	  418.16	   1.291e+10	  -1.934e+10	  -1.311e+10	  0.947694	  0.840005	 -0.101117	  0.993087	 -0.059612	 -0.253867	  0.032179	  0.966704	  0.961939	  0.112884	  0.248858	1.364118e+16	-5.386924e+16	0.000000e+00	0.000000e+00	0.000000e+00
-14.4526	       313	2.543491e+11	    72470.07	    58254.84	  275.11	1150.321826	  443.69	   4.022e+09	  -2.753e+10	  -1.332e+10	  0.933468	  0.822660	 -0.282049	  0.160486	  0.945882	  0.228863	  0.968702	 -0.096114	  0.931703	 -0.189369	  0.309951	2.503571e+16	-8.677631e+16	0.000000e+00	0.000000e+00	0.000000e+00
-17.9831	       480	3.900561e+11	    57689.21	    41735.16	  305.42	1134.085062	  464.61	   1.942e+10	  -6.375e+10	   1.537e+09	  0.853582	  0.811000	 -0.334941	  0.352754	  0.873716	  0.372903	  0.901193	 -0.220894	  0.865308	 -0.251824	  0.433390	4.209926e+16	-1.310280e+17	0.000000e+00	0.000000e+00	0.000000e+00
 22.3762	       740	6.013364e+11	    46166.20	    33728.58	  339.96	1113.831592	  480.65	   8.955e+10	   1.351e+10	   8.637e+10	  0.813924	  0.786736	 -0.337382	  0.293157	  0.894557	  0.434856	  0.891342	 -0.128098	 -0.834909	  0.345786	 -0.428205	6.946198e+16	-1.977303e+17	0.000000e+00	0.000000e+00	0.000000e+00
 27.8424	      1081	8.784388e+11	    35007.18	    22962.44	  368.36	1089.135738	  495.55	   9.543e+10	  -5.995e+10	   9.831e+10	  0.832685	  0.765825	 -0.351378	  0.216238	  0.910920	  0.230988	  0.962907	 -0.139478	  0.907292	 -0.161402	  0.388293	1.078595e+17	-2.816695e+17	0.000000e+00	0.000000e+00	0.000000e+00
 34.6439	      1474	1.197797e+12	    24778.09	    13737.11	  385.61	1060.177235	  501.95	  -2.678e+09	  -2.728e+11	   9.947e+10	  0.799726	  0.750435	 -0.454220	  0.181492	  0.872207	  0.222646	  0.971088	 -0.086120	  0.862620	 -0.155076	  0.481496	1.508976e+17	-3.738058e+17	0.000000e+00	0.000000e+00	0.000000e+00
 43.1069	      2020	1.641486e+12	    17626.29	     9906.82	  404.68	1027.374127	  503.43	   4.443e+11	  -1.424e+11	   2.813e+11	  0.763765	  0.710698	 -0.446060	  0.119294	  0.887017	  0.081046	  0.992389	 -0.092710	  0.891326	 -0.030535	  0.452334	2.080123e+17	-4.946533e+17	0.000000e+00	0.000000e+00	0.000000e+00
 53.6373	      2666	2.166436e+12	    12075.60	     6084.34	  416.78	990.868843	  509.98	   1.282e+12	  -2.429e+11	   3.832e+11	  0.727005	  0.690356	 -0.449471	  0.154308	  0.879867	  0.193224	  0.978443	 -0.072889	  0.872147	 -0.137250	  0.469597	2.817268e+17	-6.281665e+17	0.000000e+00	0.000000e+00	0.000000e+00
 66.7402	      3454	2.806778e+12	     8121.01	     3852.53	  425.28	950.718073	  511.01	   2.058e+12	  -7.657e+10	   4.575e+11	  0.709235	  0.657511	 -0.435632	  0.144936	  0.888380	  0.151691	  0.984657	 -0.086259	  0.887251	 -0.097182	  0.450934	3.664713e+17	-7.790940e+17	0.000000e+00	0.000000e+00	0.000000e+00
 83.0439	      4386	3.564137e+12	     5352.97	     2365.24	  429.63	907.593623	  512.86	    3.77e+12	  -3.482e+11	   9.023e+11	  0.716413	  0.652254	 -0.437191	  0.137705	  0.888764	  0.060878	  0.990473	 -0.123517	  0.897306	 -0.000106	  0.441409	4.687320e+17	-9.426709e+17	0.000000e+00	0.000000e+00	0.000000e+00
103.3304	      5487	4.458828e+12	     3476.17	     1450.39	  430.79	861.748305	  510.97	    6.13e+12	   -1.49e+12	   1.873e+12	  0.704931	  0.636340	 -0.437782	  0.187860	  0.879236	 -0.006903	  0.977196	 -0.212228	  0.899055	  0.098979	  0.426502	5.820729e+17	-1.117634e+18	0.000000e+00	0.000000e+00	0.000000e+00
128.5726	      6728	5.467286e+12	     2212.54	      848.61	  427.64	813.677531	  505.22	   9.085e+12	  -6.163e+11	   2.661e+12	  0.683921	  0.625971	 -0.433441	  0.170586	  0.884890	 -0.002190	  0.981719	 -0.190325	  0.901179	  0.084433	  0.425143	6.977426e+17	-1.294395e+18	0.000000e+00	0.000000e+00	0.000000e+00
159.9811	      8275	6.724404e+12	     1412.58	      549.12	  425.17	763.340324	  496.61	   1.119e+13	  -2.056e+12	   4.281e+12	  0.646176	  0.604845	 -0.413466	  0.181072	  0.892333	 -0.013297	  0.978721	 -0.204763	  0.910422	  0.096528	  0.402261	8.291984e+17	-1.489548e+18	0.000000e+00	0.000000e+00	0.000000e+00
199.0623	      9922	8.062784e+12	      879.19	      303.46	  417.36	710.618193	  485.88	   1.675e+13	  -3.742e+12	   5.386e+12	  0.627911	  0.596575	 -0.410666	  0.181128	  0.893614	  0.139876	  0.980984	 -0.134556	  0.900993	 -0.069738	  0.428192	9.517166e+17	-1.671282e+18	0.000000e+00	0.000000e+00	0.000000e+00
247.6905	     11738	9.538496e+12	      539.90	      173.69	  406.96	656.209430	  474.94	   2.417e+13	  -6.495e+12	    9.02e+12	  0.636538	  0.591455	 -0.437602	  0.169907	  0.882970	  0.131684	  0.983507	 -0.123990	  0.889474	 -0.062015	  0.452758	1.075784e+18	-1.843640e+18	0.000000e+00	0.000000e+00	0.000000e+00
308.1979	     13773	1.119217e+13	      328.84	      101.03	  395.19	600.232452	  462.20	   3.197e+13	  -1.169e+13	   1.381e+13	  0.634032	  0.586663	 -0.442730	  0.155875	  0.883002	  0.110358	  0.986759	 -0.118859	  0.889838	 -0.044824	  0.454070	1.195509e+18	-2.006601e+18	0.000000e+00	0.000000e+00	0.000000e+00
383.5000	     16137	1.311320e+13	      199.98	       60.91	  383.48	542.327028	  444.55	   4.428e+13	  -1.886e+13	   1.501e+13	  0.655379	  0.599776	 -0.424180	  0.159905	  0.891348	  0.189134	  0.978223	 -0.085484	  0.885607	 -0.132323	  0.445186	1.295748e+18	-2.163063e+18	0.000000e+00	0.000000e+00	0.000000e+00
 -3.2540	         8	6.500935e+09	   162293.16	   162293.16	   92.69	973.896429	  190.39	   1.301e+09	  -1.009e+08	   1.158e+09	  0.000000	  0.000000	  0.000000	  0.000000	  0.000000	  0.000000	  0.000000	  0.000000	  0.000000	  0.000000	  0.000000	1.178200e+14	-1.548253e+15	0.000000e+00	0.000000e+00	0.000000e+00
 -4.0771	         9	7.313551e+09	    92819.86	    20978.22	   87.83	973.279235	  181.25	   1.496e+09	  -5.812e+07	   9.978e+08	  0.000000	  0.000000	  0.000000	  0.000000	  0.000000	  0.000000	  0.000000	  0.000000	  0.000000	  0.000000	  0.000000	1.201344e+14	-1.740695e+15	0.000000e+00	0.000000e+00	0.000000e+00
 -5.1084	        15	1.218925e+10	    78646.22	    63989.40	  101.30	971.384498	  180.26	   1.595e+09	  -3.497e+08	   2.083e+09	  0.905574	  0.618709	  0.953042	  0.203661	  0.224127	 -0.300659	  0.547701	  0.780786	 -0.036261	  0.811508	 -0.583215	1.980431e+14	-2.892373e+15	0.000000e+00	0.000000e+00	0.000000e+00
 -6.4007	        20	1.625234e+10	    53309.52	    27109.09	  104.50	969.216508	  270.37	  -3.061e+09	  -2.796e+09	   4.443e+09	  0.949832	  0.825049	  0.827915	  0.079134	  0.555243	  0.164672	  0.912064	 -0.375529	 -0.536134	  0.402339	  0.742081	5.940271e+14	-3.847617e+15	0.000000e+00	0.000000e+00	0.000000e+00
 -8.0198	        30	2.437850e+10	    40652.22	    27563.43	  114.34	966.372968	  292.22	   -5.96e+09	  -1.355e+09	   4.572e+09	  0.825562	  0.684592	  0.920541	 -0.367654	 -0.132042	  0.386015	  0.907985	  0.162959	  0.059980	 -0.200981	  0.977757	1.040836e+15	-5.748894e+15	0.000000e+00	0.000000e+00	0.000000e+00
-10.0485	        58	4.713178e+10	    39955.74	    39235.52	  142.03	962.858547	  314.48	  -1.207e+09	   6.623e+09	   5.076e+09	  0.939441	  0.799228	  0.578258	  0.579175	 -0.574607	  0.716650	 -0.023992	  0.697021	 -0.389911	  0.814850	  0.428939	2.330664e+15	-1.103879e+16	0.000000e+00	0.000000e+00	0.000000e+00
-12.5903	       103	8.369953e+10	    36072.53	    32056.94	  169.09	957.340716	  344.02	  -8.068e+09	   2.205e+10	   4.807e+09	  0.940691	  0.811039	  0.508558	 -0.179270	  0.842158	  0.708805	  0.642462	 -0.291269	 -0.488839	  0.745053	  0.453798	4.952801e+15	-1.946066e+16	0.000000e+00	0.000000e+00	0.000000e+00
-15.7752	       170	1.381449e+11	    30267.50	    24264.57	  194.07	949.222061	  336.64	   3.646e+09	  -1.982e+10	   5.957e+09	  0.867430	  0.768475	  0.267653	 -0.416528	  0.868830	  0.715567	  0.689788	  0.110254	  0.645233	 -0.592197	 -0.482678	7.827560e+15	-3.184199e+16	0.000000e+00	0.000000e+00	0.000000e+00
-19.7657	       259	2.104678e+11	    23443.13	    16386.11	  214.00	939.320599	  342.20	  -6.216e+09	  -3.645e+10	   4.084e+10	  0.871572	  0.779797	  0.225659	 -0.178962	  0.957628	  0.369558	  0.925235	  0.085825	  0.901390	 -0.334532	 -0.274924	1.232312e+16	-4.795518e+16	0.000000e+00	0.000000e+00	0.000000e+00
 24.7656	       410	3.331729e+11	    18866.35	    14133.55	  240.53	927.100262	  348.80	   4.058e+10	    2.13e+10	   7.431e+10	  0.837161	  0.792020	  0.167295	 -0.427242	  0.888525	  0.568862	  0.777905	  0.266944	  0.805238	 -0.460790	 -0.373182	2.026761e+16	-7.463291e+16	0.000000e+00	0.000000e+00	0.000000e+00
 31.0303	       620	5.038224e+11	    14503.87	     9992.67	  264.25	911.495240	  359.75	   1.557e+11	   9.127e+10	   1.133e+11	  0.873046	  0.820299	  0.178561	 -0.425664	  0.887088	  0.140429	  0.903373	  0.405212	  0.973856	 -0.052218	 -0.221083	3.260223e+16	-1.106706e+17	0.000000e+00	0.000000e+00	0.000000e+00
 38.8797	       858	6.972252e+11	    10203.93	     5757.42	  277.71	893.189738	  380.86	   1.953e+11	   8.399e+10	   2.266e+11	  0.869898	  0.798403	  0.232038	 -0.317036	  0.919590	 -0.006202	  0.944892	  0.327324	  0.972687	  0.081655	 -0.217285	5.056805e+16	-1.499903e+17	0.000000e+00	0.000000e+00	0.000000e+00
 48.7147	      1175	9.548248e+11	     7104.06	     3898.50	  290.33	872.418723	  396.41	   7.221e+11	   6.456e+10	   6.185e+11	  0.839301	  0.777252	  0.299002	 -0.168523	  0.939254	 -0.214178	  0.947318	  0.238151	  0.929906	  0.272375	 -0.247156	7.502027e+16	-2.002060e+17	0.000000e+00	0.000000e+00	0.000000e+00
 61.0376	      1632	1.326191e+12	     5016.22	     2857.22	  305.68	849.119552	  412.17	   1.503e+12	   5.079e+11	   1.453e+12	  0.828658	  0.760391	  0.288626	 -0.170901	  0.942066	 -0.202520	  0.950780	  0.234529	  0.935778	  0.258478	 -0.239809	1.126492e+17	-2.689266e+17	0.000000e+00	0.000000e+00	0.000000e+00
 76.4777	      2228	1.810510e+12	     3481.45	     1894.36	  319.08	823.080400	  428.67	   2.384e+12	   8.493e+11	   3.265e+12	  0.841565	  0.770958	  0.208200	  0.043244	  0.977130	 -0.209862	  0.977730	  0.001445	  0.955306	  0.205364	 -0.212639	1.663476e+17	-3.533700e+17	0.000000e+00	0.000000e+00	0.000000e+00
 95.8235	      3089	2.510173e+12	     2453.87	     1391.25	  335.65	793.065507	  443.27	    6.22e+12	    1.48e+12	   6.077e+12	  0.808010	  0.715196	  0.043395	  0.180034	  0.982703	 -0.552661	  0.823748	 -0.126508	  0.832276	  0.537612	 -0.135244	2.466116e+17	-4.676075e+17	0.000000e+00	0.000000e+00	0.000000e+00
120.0631	      4158	3.378861e+12	     1679.21	      878.15	  347.89	759.103308	  452.73	   1.049e+13	   3.158e+12	   1.045e+13	  0.782263	  0.697136	  0.014288	  0.285218	  0.958356	 -0.458615	  0.853562	 -0.247192	  0.888520	  0.435985	 -0.143001	3.462724e+17	-5.983301e+17	0.000000e+00	0.000000e+00	0.000000e+00
150.4342	      5438	4.419010e+12	     1116.47	      534.55	  355.43	721.389703	  455.58	   1.408e+13	   6.435e+12	   1.521e+13	  0.763195	  0.684763	  0.083602	  0.278833	  0.956694	 -0.441364	  0.871111	 -0.215320	  0.893425	  0.404249	 -0.195894	4.585973e+17	-7.406438e+17	0.000000e+00	0.000000e+00	0.000000e+00
188.4881	      7119	5.785019e+12	      743.05	      356.89	  363.31	680.137449	  447.56	   1.455e+13	   1.071e+13	   2.354e+13	  0.706113	  0.650550	  0.145288	  0.291925	  0.945342	 -0.534012	  0.827492	 -0.173461	  0.832900	  0.479622	 -0.276116	5.794093e+17	-9.076390e+17	0.000000e+00	0.000000e+00	0.000000e+00
236.1681	      9461	7.688168e+12	      502.02	      252.78	  374.17	633.251313	  434.04	   1.379e+13	   1.894e+13	   3.479e+13	  0.629267	  0.600455	  0.202320	  0.280088	  0.938412	  0.520992	 -0.842162	  0.139035	  0.829237	  0.460775	 -0.316310	7.241773e+17	-1.112967e+18	0.000000e+00	0.000000e+00	0.000000e+00
295.9092	     11916	9.683142e+12	      321.44	      134.71	  375.14	581.038090	  426.16	   1.455e+13	   3.396e+13	   5.462e+13	  0.647836	  0.613660	  0.199977	  0.278466	  0.939397	  0.609147	 -0.786287	  0.103405	  0.767430	  0.551552	 -0.326866	8.792957e+17	-1.296803e+18	0.000000e+00	0.000000e+00	0.000000e+00
370.7761	     14577	1.184552e+13	      199.89	       74.21	  370.67	524.216943	  418.30	    2.85e+13	   4.081e+13	    9.07e+13	  0.665458	  0.609078	  0.146306	  0.259238	  0.954667	 -0.579372	  0.804675	 -0.129717	  0.801824	  0.534130	 -0.267925	1.036334e+18	-1.461922e+18	0.000000e+00	0.000000e+00	0.000000e+00
 -7.8475	         9	7.313551e+09	    13016.54	    13016.54	   63.31	751.170468	  288.84	  -2.004e+08	   1.748e+09	  -5.341e+09	  0.000000	  0.000000	  0.000000	  0.000000	  0.000000	  0.000000	  0.000000	  0.000000	  0.000000	  0.000000	  0.000000	3.050786e+14	-1.033443e+15	0.000000e+00	0.000000e+00	0.000000e+00
 -9.4963	        12	9.751402e+09	     9794.19	     5620.20	   66.45	750.280899	  321.86	   -6.31e+09	   2.479e+09	   -7.69e+09	  0.787967	  0.632584	 -0.343993	 -0.213714	  0.914327	  0.227856	  0.925649	  0.302086	  0.910906	 -0.312250	  0.269721	5.051058e+14	-1.376881e+15	0.000000e+00	0.000000e+00	0.000000e+00
-11.4915	        20	1.625234e+10	     9211.94	     8457.74	   77.99	748.925497	  314.06	  -6.842e+09	    5.06e+09	  -8.577e+09	  0.761268	  0.567604	  0.712685	  0.513849	 -0.477534	  0.166500	  0.537383	  0.826739	 -0.681438	  0.668714	 -0.297429	8.015358e+14	-2.289680e+15	0.000000e+00	0.000000e+00	0.000000e+00
-13.9059	        31	2.519112e+10	     8057.81	     6562.83	   88.27	747.361950	  310.94	  -6.338e+09	   5.758e+09	  -8.184e+09	  0.849262	  0.721777	  0.032757	  0.010081	  0.999412	  0.869476	  0.492839	 -0.033470	 -0.492887	  0.870062	  0.007379	1.217806e+15	-3.539443e+15	0.000000e+00	0.000000e+00	0.000000e+00
-16.8275	        56	4.550654e+10	     8214.42	     8417.29	  107.84	744.834215	  326.45	   4.411e+09	   -1.73e+10	   1.665e+10	  0.815073	  0.715549	  0.113734	 -0.164151	  0.979857	  0.684014	  0.728224	  0.042601	  0.720548	 -0.665391	 -0.195105	2.424806e+15	-6.367045e+15	0.000000e+00	0.000000e+00	0.000000e+00
-20.3630	        98	7.963645e+10	     8112.40	     7980.24	  129.69	741.140742	  363.99	   1.746e+10	  -1.931e+10	   6.175e+09	  0.936728	  0.781036	  0.261391	  0.940296	  0.217986	 -0.027102	 -0.218599	  0.975438	  0.964852	 -0.260879	 -0.031656	5.275483e+15	-1.107673e+16	0.000000e+00	0.000000e+00	0.000000e+00
 24.6413	       170	1.381449e+11	     7941.56	     7720.28	  155.28	736.095510	  352.55	   3.398e+10	  -4.439e+10	   4.064e+10	  0.850438	  0.724715	  0.405086	  0.908815	  0.099807	 -0.201759	 -0.017615	  0.979277	  0.891739	 -0.416828	  0.176226	8.584966e+15	-1.905377e+16	0.000000e+00	0.000000e+00	0.000000e+00
 29.8185	       296	2.405346e+11	     7803.38	     7624.39	  186.26	728.608918	  350.39	   1.507e+10	  -8.274e+10	   2.611e+08	  0.715797	  0.703764	  0.521899	  0.844554	  0.119794	 -0.190838	 -0.021274	  0.981391	  0.831386	 -0.535048	  0.150070	1.476572e+16	-3.277782e+16	0.000000e+00	0.000000e+00	0.000000e+00
 36.0835	       474	3.851804e+11	     7051.85	     6078.39	  214.26	718.096334	  347.26	   5.146e+10	  -2.001e+11	   3.683e+10	  0.686730	  0.672548	  0.550259	  0.817473	  0.170157	  0.833785	 -0.526966	 -0.164650	  0.044930	 -0.232475	  0.971564	2.322476e+16	-5.168701e+16	0.000000e+00	0.000000e+00	0.000000e+00
 43.6647	       702	5.704570e+11	     5893.81	     4393.77	  237.04	704.429310	  343.22	   3.642e+10	  -1.703e+11	  -1.732e+11	  0.666806	  0.621328	  0.572858	  0.812996	  0.104262	  0.809742	 -0.541611	 -0.225776	  0.127085	 -0.213763	  0.968584	3.359909e+16	-7.511185e+16	0.000000e+00	0.000000e+00	0.000000e+00
 52.8387	      1040	8.451215e+11	     4927.50	     3675.81	  262.27	687.481460	  351.20	   6.475e+10	  -3.681e+11	  -1.628e+11	  0.664176	  0.630925	  0.597191	  0.787158	  0.154092	  0.749000	 -0.478533	 -0.458263	  0.286987	 -0.389086	  0.875357	5.211924e+16	-1.083156e+17	0.000000e+00	0.000000e+00	0.000000e+00
 63.9402	      1426	1.158792e+12	     3812.82	     2368.96	  279.18	666.885151	  356.98	    9.79e+10	  -5.114e+11	  -7.154e+10	  0.662085	  0.627545	  0.627213	  0.757548	  0.180900	  0.760970	 -0.546576	 -0.349543	  0.165920	 -0.356897	  0.919290	7.383656e+16	-1.442412e+17	0.000000e+00	0.000000e+00	0.000000e+00
 77.3742	      1874	1.522844e+12	     2827.68	     1551.61	  290.94	643.001613	  358.72	   5.211e+11	  -1.309e+12	  -4.376e+11	  0.667939	  0.643692	  0.661355	  0.720277	  0.209307	 -0.733697	  0.563228	  0.380082	  0.155877	 -0.404937	  0.900960	9.797815e+16	-1.833396e+17	0.000000e+00	0.000000e+00	0.000000e+00
 93.6307	      2392	1.943779e+12	     2036.84	     1012.44	  298.80	616.472740	  357.27	   1.166e+12	  -1.936e+12	  -1.153e+12	  0.670686	  0.656949	  0.671877	  0.713111	  0.200136	  0.727960	 -0.585960	 -0.355985	  0.136585	 -0.384869	  0.912809	1.240505e+17	-2.251213e+17	0.000000e+00	0.000000e+00	0.000000e+00
113.3027	      3024	2.457353e+12	     1453.15	      697.09	  305.41	587.304341	  353.83	   1.167e+12	  -1.907e+12	  -2.396e+12	  0.671032	  0.660737	  0.706675	  0.675252	  0.211296	 -0.620985	  0.735050	 -0.272173	 -0.339099	  0.061126	  0.938763	1.538269e+17	-2.717691e+17	0.000000e+00	0.000000e+00	0.000000e+00
137.1078	      3704	3.009933e+12	     1004.46	      423.27	  307.27	556.025607	  349.59	   1.561e+12	  -2.553e+12	  -3.769e+12	  0.673379	  0.650417	  0.707937	  0.676812	  0.201867	 -0.703041	  0.702621	  0.109804	 -0.067519	 -0.219655	  0.973238	1.839260e+17	-3.168790e+17	0.000000e+00	0.000000e+00	0.000000e+00
165.9145	      4383	3.561699e+12	      670.76	      238.51	  303.85	523.068934	  344.73	   1.687e+12	  -2.716e+12	  -5.824e+12	  0.661659	  0.636468	  0.727237	  0.653447	  0.210078	 -0.635532	  0.756656	 -0.153525	 -0.259277	 -0.021862	  0.965555	2.116308e+17	-3.569456e+17	0.000000e+00	0.000000e+00	0.000000e+00
200.7734	      5067	4.117529e+12	      437.60	      135.59	  296.98	488.982844	  340.31	   2.433e+12	   -2.02e+12	  -9.131e+12	  0.637617	  0.620172	  0.730113	  0.653421	  0.199939	 -0.622728	  0.756710	 -0.198998	 -0.281325	  0.020783	  0.959387	2.384237e+17	-3.925001e+17	0.000000e+00	0.000000e+00	0.000000e+00
242.9564	      6018	4.890328e+12	      293.30	      106.39	  294.22	453.776149	  337.76	   3.538e+12	  -9.938e+11	   -1.41e+13	  0.608440	  0.588267	  0.744551	  0.635395	  0.204736	 -0.570106	  0.764770	 -0.300179	 -0.347308	  0.106777	  0.931652	2.789448e+17	-4.353152e+17	0.000000e+00	0.000000e+00	0.000000e+00
294.0156	      7270	5.907724e+12	      199.93	       79.01	  293.96	415.735340	  336.77	   4.033e+12	   5.677e+11	  -2.642e+13	  0.566693	  0.526012	  0.760139	  0.627496	  0.168634	 -0.494872	  0.727283	 -0.475565	 -0.421060	  0.278043	  0.863366	3.350143e+17	-4.835243e+17	0.000000e+00	0.000000e+00	0.000000e+00
 -3.5057	         6	4.875701e+09	    97333.01	    97333.01	   77.34	789.707824	  192.63	  -2.145e+07	  -5.726e+08	  -2.749e+08	  0.000000	  0.000000	  0.000000	  0.000000	  0.000000	  0.000000	  0.000000	  0.000000	  0.000000	  0.000000	  0.000000	9.045555e+13	-7.673230e+14	0.000000e+00	0.000000e+00	0.000000e+00
 -4.4661	        11	8.938785e+09	    86311.38	    75986.11	   92.78	787.196103	  192.12	    6.93e+08	  -3.106e+08	   3.703e+08	  0.824884	  0.568324	 -0.550516	  0.298212	  0.779744	  0.647751	 -0.436633	  0.624316	  0.526641	  0.848776	  0.047206	1.649660e+14	-1.398533e+15	0.000000e+00	0.000000e+00	0.000000e+00
 -5.6894	        16	1.300187e+10	    60724.20	    36753.67	   99.14	784.780291	  205.15	   8.105e+08	   1.998e+09	   1.412e+09	  0.796711	  0.495245	  0.548983	 -0.460347	  0.697638	 -0.721844	  0.159662	  0.673387	  0.421378	  0.873263	  0.244647	2.736082e+14	-2.025674e+15	0.000000e+00	0.000000e+00	0.000000e+00
 -7.2479	        35	2.844159e+10	    64250.47	    67553.94	  129.91	780.291597	  247.05	   2.668e+09	   6.574e+08	  -7.337e+08	  0.772717	  0.657869	  0.912120	 -0.374365	  0.166997	  0.403179	  0.745699	 -0.530453	  0.074053	  0.551167	  0.831103	8.679143e+14	-4.390214e+15	0.000000e+00	0.000000e+00	0.000000e+00
 -9.2333	        68	5.525794e+10	    60378.68	    56751.52	  160.43	774.144059	  271.86	  -4.245e+08	  -4.109e+09	   1.034e+10	  0.942955	  0.803504	  0.332092	 -0.706167	  0.625334	  0.943231	  0.244773	 -0.224502	  0.005471	  0.664390	  0.747366	2.042032e+15	-8.443952e+15	0.000000e+00	0.000000e+00	0.000000e+00
-11.7626	       146	1.186421e+11	    62703.82	    64882.05	  208.27	762.671110	  278.40	   3.828e+09	   -9.59e+09	   2.714e+10	  0.849376	  0.799632	 -0.425165	  0.898344	 -0.110511	  0.274475	  0.244313	  0.930040	  0.862495	  0.365088	 -0.350446	4.597811e+15	-1.781354e+16	0.000000e+00	0.000000e+00	0.000000e+00
-14.9847	       221	1.795883e+11	    45909.22	    30175.72	  227.03	747.694698	  287.72	  -1.226e+10	  -2.209e+10	   6.081e+10	  0.906593	  0.818238	 -0.277525	  0.959656	 -0.045169	  0.279060	  0.125512	  0.952036	  0.919296	  0.251609	 -0.302634	7.433659e+15	-2.650006e+16	0.000000e+00	0.000000e+00	0.000000e+00
-19.0894	       304	2.470355e+11	    30545.53	    16152.55	  235.91	730.173335	  297.22	  -1.872e+10	  -3.437e+10	   7.206e+10	  0.882729	  0.801883	 -0.301840	  0.949322	 -0.087634	  0.326715	  0.189357	  0.925960	  0.895628	  0.250860	 -0.367313	1.091144e+16	-3.571514e+16	0.000000e+00	0.000000e+00	0.000000e+00
 24.3185	       428	3.478000e+11	    20801.00	    11672.15	  248.01	710.488186	  308.70	   -4.84e+10	  -5.063e+10	   1.656e+11	  0.850508	  0.732058	 -0.267651	  0.931723	 -0.245470	  0.751940	  0.361282	  0.551418	 -0.602453	  0.036991	  0.797297	1.657219e+16	-4.877729e+16	0.000000e+00	0.000000e+00	0.000000e+00
 30.9800	       558	4.534402e+11	    13117.20	     5918.87	  250.89	688.862222	  318.48	  -3.619e+09	   1.077e+10	   2.496e+11	  0.832464	  0.746141	 -0.259952	  0.940519	 -0.218745	  0.724826	  0.339731	  0.599342	 -0.638007	  0.002751	  0.770026	2.299543e+16	-6.172869e+16	0.000000e+00	0.000000e+00	0.000000e+00
 39.4662	       730	5.932103e+11	     8300.35	     3787.83	  254.25	666.108928	  324.56	   1.046e+10	  -1.697e+10	   3.208e+11	  0.803838	  0.744987	 -0.340699	  0.909203	 -0.239322	  0.621385	  0.408787	  0.668411	  0.705553	  0.079015	 -0.704239	3.124449e+16	-7.773135e+16	0.000000e+00	0.000000e+00	0.000000e+00
 50.2771	       961	7.809248e+11	     5285.22	     2460.60	  258.46	641.932692	  331.22	  -4.332e+10	    4.89e+09	   3.456e+11	  0.785211	  0.732349	 -0.334222	  0.903457	 -0.268441	  0.842441	  0.414077	  0.344722	 -0.422597	  0.110932	  0.899503	4.283721e+16	-9.776797e+16	0.000000e+00	0.000000e+00	0.000000e+00
 64.0493	      1285	1.044213e+12	     3418.29	     1669.32	  264.79	615.687555	  335.14	   4.726e+11	  -2.017e+11	   2.339e+11	  0.722492	  0.672828	 -0.309044	  0.942700	 -0.125734	  0.892907	  0.333120	  0.302900	 -0.327428	  0.018659	  0.944692	5.864250e+16	-1.237547e+17	0.000000e+00	0.000000e+00	0.000000e+00
 81.5941	      1760	1.430206e+12	     2264.57	     1183.74	  274.56	586.147995	  336.19	   1.325e+12	  -1.141e+12	  -1.815e+11	  0.717457	  0.668299	 -0.238682	  0.957471	 -0.162110	  0.966951	  0.249739	  0.051343	 -0.089645	  0.144498	  0.985436	8.082421e+16	-1.586309e+17	0.000000e+00	0.000000e+00	0.000000e+00
103.9450	      2342	1.903149e+12	     1457.56	      701.54	  280.61	553.498095	  330.76	   3.322e+12	  -2.261e+12	  -1.209e+12	  0.691117	  0.641077	 -0.267011	  0.941742	 -0.204515	  0.880037	  0.324764	  0.346502	 -0.392735	  0.087461	  0.915483	1.041069e+17	-1.969096e+17	0.000000e+00	0.000000e+00	0.000000e+00
132.4183	      3124	2.538615e+12	      940.41	      455.93	  287.14	516.838792	  330.72	   7.386e+12	  -4.883e+12	  -4.853e+12	  0.694206	  0.617062	 -0.259415	  0.945443	 -0.197083	  0.913314	  0.306501	  0.268169	 -0.313944	  0.110431	  0.942997	1.388342e+17	-2.425099e+17	0.000000e+00	0.000000e+00	0.000000e+00
168.6913	      4027	3.272408e+12	      586.35	      254.65	  288.84	476.157062	  329.64	   8.952e+12	  -9.842e+12	  -1.011e+13	  0.669032	  0.592068	 -0.339751	  0.904241	 -0.258683	  0.898113	  0.393575	  0.196194	 -0.279218	  0.165669	  0.945828	1.777945e+17	-2.878311e+17	0.000000e+00	0.000000e+00	0.000000e+00
214.9003	      4891	3.974509e+12	      344.46	      117.85	  282.03	432.411736	  324.58	   1.066e+13	  -1.392e+13	  -1.414e+13	  0.696604	  0.630291	 -0.376034	  0.877780	 -0.296818	  0.858658	  0.450502	  0.244448	 -0.348289	  0.162944	  0.923117	2.093669e+17	-3.242237e+17	0.000000e+00	0.000000e+00	0.000000e+00
273.7809	      5869	4.769248e+12	      199.90	       64.51	  273.71	387.093726	  319.24	   7.434e+12	  -1.895e+13	  -1.827e+13	  0.660754	  0.619285	 -0.350921	  0.871691	 -0.342064	  0.873775	  0.436172	  0.215109	 -0.336708	  0.223401	  0.914724	2.430253e+17	-3.573746e+17	0.000000e+00	0.000000e+00	0.000000e+00
 -4.0789	         6	4.875701e+09	    61797.99	    61797.99	   71.70	681.057909	  189.72	  -2.993e+08	  -4.506e+08	   -7.81e+08	  0.000000	  0.000000	  0.000000	  0.000000	  0.000000	  0.000000	  0.000000	  0.000000	  0.000000	  0.000000	  0.000000	8.774513e+13	-5.701670e+14	0.000000e+00	0.000000e+00	0.000000e+00
 -5.1738	        11	8.938785e+09	    55514.86	    49478.19	   86.20	680.067017	  195.14	  -4.748e+08	    2.69e+08	  -3.745e+08	  0.751660	  0.594406	  0.302665	  0.785948	  0.539148	  0.949004	 -0.300879	 -0.094140	 -0.088229	 -0.540146	  0.836933	1.701949e+14	-1.040589e+15	0.000000e+00	0.000000e+00	0.000000e+00
 -6.5627	        20	1.625234e+10	    49458.39	    43639.50	  103.20	676.118801	  233.54	  -1.526e+09	   1.886e+09	    3.72e+08	  0.913646	  0.535201	  0.714455	 -0.491243	 -0.498231	  0.663602	  0.701460	  0.259973	  0.221779	 -0.516366	  0.827152	4.431902e+14	-1.881838e+15	0.000000e+00	0.000000e+00	0.000000e+00
 -8.3243	        33	2.681635e+10	    39986.86	    30886.88	  117.70	672.426930	  265.93	   1.161e+08	   4.338e+08	   3.836e+09	  0.875632	  0.712331	  0.889717	  0.174735	  0.421749	 -0.397674	  0.750341	  0.528056	 -0.224186	 -0.637539	  0.737078	9.482224e+14	-3.083335e+15	0.000000e+00	0.000000e+00	0.000000e+00
-10.5589	        60	4.875701e+10	    35624.44	    31433.14	  140.92	666.546227	  275.85	   1.757e+09	   8.033e+09	   1.098e+10	  0.890161	  0.744909	  0.507794	  0.664393	  0.548386	 -0.843970	  0.255978	  0.471371	  0.172800	 -0.702181	  0.690711	1.855041e+15	-5.543374e+15	0.000000e+00	0.000000e+00	0.000000e+00
-13.3933	       101	8.207430e+10	    29384.04	    23388.44	  162.34	658.310570	  274.54	   8.559e+08	   1.625e+10	   1.065e+10	  0.902439	  0.810150	  0.647130	  0.630294	  0.428897	 -0.529717	 -0.032859	  0.847538	 -0.548290	  0.775661	 -0.312614	3.092949e+15	-9.201526e+15	0.000000e+00	0.000000e+00	0.000000e+00
-16.9885	       171	1.389575e+11	    24376.97	    19566.31	  187.56	646.668451	  278.35	  -9.168e+09	   2.591e+10	   1.805e+10	  0.867128	  0.815279	  0.696537	  0.436649	  0.569363	 -0.643525	  0.029204	  0.764867	 -0.317351	  0.899158	 -0.301336	5.382973e+15	-1.526510e+16	0.000000e+00	0.000000e+00	0.000000e+00
 21.5489	       270	2.194065e+11	    18859.96	    13559.37	  209.26	632.159668	  282.87	  -3.041e+10	   4.041e+10	   3.156e+10	  0.825479	  0.724916	  0.084660	  0.672085	  0.735618	  0.996361	 -0.049798	 -0.069171	 -0.009856	  0.738797	 -0.673856	8.778203e+15	-2.348105e+16	0.000000e+00	0.000000e+00	0.000000e+00
 27.3334	       423	3.437369e+11	    14478.07	    10268.08	  232.56	613.383253	  288.57	  -4.587e+08	   5.507e+10	  -2.255e+10	  0.832507	  0.725438	  0.083927	  0.590134	  0.802931	 -0.996289	  0.065149	  0.056256	  0.019111	  0.804673	 -0.593411	1.431221e+16	-3.554515e+16	0.000000e+00	0.000000e+00	0.000000e+00
 34.6706	       592	4.810692e+11	     9928.54	     5557.48	  244.28	590.184152	  295.39	   2.019e+09	   1.334e+11	  -5.714e+09	  0.842854	  0.687528	  0.092956	  0.574113	  0.813482	  0.971582	 -0.230931	  0.051957	  0.217688	  0.785535	 -0.579264	2.098742e+16	-4.798283e+16	0.000000e+00	0.000000e+00	0.000000e+00
 43.9775	       828	6.728467e+11	     6804.36	     3802.74	  256.51	564.973847	  293.75	  -4.866e+09	   2.127e+11	  -3.657e+10	  0.822803	  0.691021	  0.077582	  0.618676	  0.781807	 -0.975122	  0.210410	 -0.069741	  0.207647	  0.756946	 -0.619609	2.903017e+16	-6.399180e+16	0.000000e+00	0.000000e+00	0.000000e+00
 55.7827	      1099	8.930659e+11	     4425.36	     2139.67	  262.40	535.766229	  294.32	  -1.964e+11	   2.815e+11	  -1.922e+11	  0.825891	  0.678285	  0.222326	  0.554309	  0.802068	 -0.869597	  0.484740	 -0.093959	  0.440877	  0.676586	 -0.589795	3.867960e+16	-8.070081e+16	0.000000e+00	0.000000e+00	0.000000e+00
 70.7569	      1385	1.125474e+12	     2732.71	     1106.46	  261.55	504.415708	  293.87	  -3.337e+11	   2.343e+11	  -2.745e+11	  0.806802	  0.685315	  0.232650	  0.548965	  0.802815	 -0.848101	  0.518541	 -0.108806	  0.476023	  0.655555	 -0.586217	4.859742e+16	-9.637140e+16	0.000000e+00	0.000000e+00	0.000000e+00
 89.7506	      1685	1.369259e+12	     1629.06	      568.70	  256.15	471.859767	  291.03	  -4.908e+11	    9.46e+10	  -2.337e+11	  0.825571	  0.691073	  0.180389	  0.557812	  0.810127	 -0.871446	  0.472577	 -0.131349	  0.456115	  0.682289	 -0.571350	5.798547e+16	-1.108659e+17	0.000000e+00	0.000000e+00	0.000000e+00
113.8430	      2061	1.674803e+12	      976.36	      349.26	  251.53	438.171366	  285.86	  -7.211e+11	   -1.19e+11	  -1.425e+11	  0.829157	  0.712536	  0.207590	  0.600982	  0.771833	 -0.869491	  0.474883	 -0.135909	  0.448210	  0.642889	 -0.621130	6.842934e+16	-1.266546e+17	0.000000e+00	0.000000e+00	0.000000e+00
144.4026	      2511	2.040481e+12	      582.87	      204.82	  246.52	402.964469	  279.86	  -1.118e+12	  -1.785e+11	  -1.208e+11	  0.828682	  0.693908	  0.218090	  0.617644	  0.755614	 -0.799537	  0.557053	 -0.224572	  0.559622	  0.555164	 -0.615317	7.990590e+16	-1.428549e+17	0.000000e+00	0.000000e+00	0.000000e+00
183.1656	      3008	2.444351e+12	      342.13	      110.84	  239.57	366.488627	  271.43	  -2.057e+12	  -4.946e+11	   2.461e+11	  0.862173	  0.702947	  0.200621	  0.623636	  0.755533	 -0.821473	  0.527298	 -0.217114	  0.533791	  0.577092	 -0.618087	9.004149e+16	-1.577655e+17	0.000000e+00	0.000000e+00	0.000000e+00
232.3476	      3585	2.913231e+12	      199.77	       63.03	  232.21	328.407466	  262.11	  -2.688e+12	  -8.557e+11	   8.691e+11	  0.855810	  0.685244	  0.178834	  0.621042	  0.763102	 -0.828028	  0.513914	 -0.224193	  0.531402	  0.591777	 -0.606146	1.000701e+17	-1.719043e+17	0.000000e+00	0.000000e+00	0.000000e+00
 -2.9395	         5	4.063084e+09	   137600.22	   137600.22	   77.10	587.507055	  101.36	   1.093e+08	  -8.051e+07	   8.356e+07	  0.000000	  0.000000	  0.000000	  0.000000	  0.000000	  0.000000	  0.000000	  0.000000	  0.000000	  0.000000	  0.000000	2.087245e+13	-3.534364e+14	0.000000e+00	0.000000e+00	0.000000e+00
 -3.8386	         6	4.875701e+09	    74146.78	    22429.86	   73.91	584.451168	   99.77	   1.592e+08	   1.156e+08	    3.29e+08	  0.000000	  0.000000	  0.000000	  0.000000	  0.000000	  0.000000	  0.000000	  0.000000	  0.000000	  0.000000	  0.000000	2.426821e+13	-4.228304e+14	0.000000e+00	0.000000e+00	0.000000e+00
 -5.0127	        10	8.126168e+09	    55492.32	    40288.25	   83.50	580.667434	  123.31	  -3.326e+07	   4.321e+07	   1.833e+09	  0.000000	  0.000000	  0.000000	  0.000000	  0.000000	  0.000000	  0.000000	  0.000000	  0.000000	  0.000000	  0.000000	6.178399e+13	-6.993117e+14	0.000000e+00	0.000000e+00	0.000000e+00
 -6.5460	        19	1.543972e+10	    47345.47	    40705.47	  100.72	579.629674	  124.95	  -1.545e+09	   6.954e+08	   9.225e+08	  0.757926	  0.742247	 -0.379136	 -0.520754	  0.764899	  0.364508	 -0.843827	 -0.393814	  0.850523	  0.129503	  0.509745	1.205356e+14	-1.314744e+15	0.000000e+00	0.000000e+00	0.000000e+00
 -8.5483	        38	3.087944e+10	    42520.69	    38588.31	  124.64	572.910889	  132.76	  -7.181e+08	  -2.536e+09	   7.248e+08	  0.860747	  0.801509	  0.163918	 -0.081483	  0.983103	  0.734690	 -0.654964	 -0.176784	  0.658302	  0.751254	 -0.047496	2.721400e+14	-2.597801e+15	0.000000e+00	0.000000e+00	0.000000e+00
-11.1630	        61	4.956963e+10	    30650.56	    20975.96	  138.19	565.469696	  177.99	  -1.184e+10	  -1.091e+09	   -5.79e+07	  0.938178	  0.750322	 -0.516362	  0.349784	  0.781678	 -0.448843	  0.666822	 -0.594886	  0.729322	  0.658027	  0.187323	7.852164e+14	-4.111263e+15	0.000000e+00	0.000000e+00	0.000000e+00
-14.5775	       105	8.532477e+10	    23691.35	    18019.33	  158.66	554.668287	  193.16	  -1.007e+10	   6.022e+09	   7.417e+09	  0.893281	  0.816872	 -0.546872	 -0.379842	  0.746090	 -0.031378	  0.899829	  0.435112	  0.836628	 -0.214540	  0.504010	1.591829e+15	-6.917391e+15	0.000000e+00	0.000000e+00	0.000000e+00
-19.0364	       179	1.454584e+11	    18136.16	    13608.48	  181.28	541.330504	  215.95	   9.386e+09	   1.268e+10	   2.948e+10	  0.925252	  0.785680	  0.522301	  0.583696	 -0.621691	 -0.009498	  0.732970	  0.680195	  0.852708	 -0.349362	  0.388375	3.391740e+15	-1.142024e+16	0.000000e+00	0.000000e+00	0.000000e+00
 24.8593	       257	2.088425e+11	    11692.77	     6441.16	  190.08	524.118135	  220.75	  -1.036e+09	   2.945e+10	   2.483e+10	  0.894475	  0.725190	  0.658662	  0.627858	 -0.414679	 -0.081488	  0.607393	  0.790211	  0.748013	 -0.486691	  0.451229	5.088320e+15	-1.590453e+16	0.000000e+00	0.000000e+00	0.000000e+00
 32.4632	       373	3.031061e+11	     7620.53	     4301.50	  200.39	504.495003	  229.43	   2.786e+10	   1.618e+10	  -2.352e+10	  0.875382	  0.731698	  0.706535	  0.545767	 -0.450496	 -0.152096	  0.738815	  0.656520	  0.691141	 -0.395336	  0.605008	7.977600e+15	-2.211879e+16	0.000000e+00	0.000000e+00	0.000000e+00
 42.3930	       515	4.184977e+11	     4724.71	     2364.51	  206.05	481.917092	  231.65	   5.122e+10	  -5.359e+10	  -2.684e+10	  0.856022	  0.735191	  0.687722	  0.502595	 -0.523867	 -0.121995	  0.791352	  0.599066	  0.715650	 -0.348081	  0.605544	1.122849e+16	-2.914231e+16	0.000000e+00	0.000000e+00	0.000000e+00
 55.3601	       719	5.842715e+11	     2962.03	     1525.37	  213.05	456.797151	  233.37	   1.426e+11	    -4.6e+10	   2.041e+09	  0.832333	  0.699481	  0.680913	  0.489867	 -0.544415	 -0.060076	  0.778222	  0.625109	  0.729896	 -0.392939	  0.559331	1.591085e+16	-3.826751e+16	0.000000e+00	0.000000e+00	0.000000e+00
 72.2935	       956	7.768617e+11	     1768.52	      795.77	  214.98	429.281000	  234.47	   2.004e+11	  -1.564e+11	  -1.311e+11	  0.862024	  0.744780	  0.701289	  0.543550	 -0.461246	 -0.087086	  0.707495	  0.701332	  0.707538	 -0.451668	  0.543494	2.135369e+16	-4.769824e+16	0.000000e+00	0.000000e+00	0.000000e+00
 94.4065	      1241	1.008457e+12	     1030.90	      429.71	  214.34	400.082969	  236.78	   3.556e+11	  -1.875e+11	  -1.829e+11	  0.851836	  0.710439	  0.731422	  0.403602	 -0.549662	 -0.023245	  0.820331	  0.571416	 -0.681529	  0.405169	 -0.609390	2.826992e+16	-5.758593e+16	0.000000e+00	0.000000e+00	0.000000e+00
123.2834	      1619	1.315627e+12	      603.92	      255.93	  214.23	368.054312	  238.26	   2.295e+11	  -1.328e+11	  -8.509e+11	  0.864117	  0.709601	  0.772478	  0.290419	 -0.564742	 -0.052118	  0.915294	  0.399401	  0.632899	 -0.279095	  0.722181	3.734387e+16	-6.890115e+16	0.000000e+00	0.000000e+00	0.000000e+00
160.9932	      1994	1.620358e+12	      334.00	      114.01	  208.05	334.208177	  242.79	    5.17e+11	  -1.916e+12	  -1.694e+12	  0.856246	  0.703118	  0.705169	  0.137451	 -0.695589	  0.222061	  0.888864	  0.400762	 -0.673369	  0.437068	 -0.596277	4.775627e+16	-7.828745e+16	0.000000e+00	0.000000e+00	0.000000e+00
210.2510	      2657	2.159123e+12	      199.81	       90.48	  210.15	297.992584	  248.57	    2.75e+09	  -7.008e+12	  -4.114e+12	  0.727989	  0.631199	 -0.452569	  0.202656	  0.868396	  0.496655	  0.866093	  0.056716	  0.740618	 -0.456961	  0.492616	6.670310e+16	-9.152051e+16	0.000000e+00	0.000000e+00	0.000000e+00
 -4.2852	         6	4.875701e+09	    53295.34	    53295.34	   69.95	506.135959	  128.80	  -3.284e+07	    -8.9e+07	   5.141e+08	  0.000000	  0.000000	  0.000000	  0.000000	  0.000000	  0.000000	  0.000000	  0.000000	  0.000000	  0.000000	  0.000000	4.044145e+13	-3.153808e+14	0.000000e+00	0.000000e+00	0.000000e+00
 -5.4420	        10	8.126168e+09	    43369.23	    33898.88	   80.14	502.545175	  123.81	   6.761e+08	   1.659e+08	   5.662e+08	  0.000000	  0.000000	  0.000000	  0.000000	  0.000000	  0.000000	  0.000000	  0.000000	  0.000000	  0.000000	  0.000000	6.228019e+13	-5.220896e+14	0.000000e+00	0.000000e+00	0.000000e+00
 -6.9110	        15	1.218925e+10	    31762.65	    20688.98	   87.09	500.308764	  147.90	    2.57e+09	  -6.144e+07	   2.901e+08	  0.903576	  0.562656	  0.903816	  0.379758	  0.197231	  0.015875	 -0.490343	  0.871385	 -0.427626	  0.784441	  0.449208	1.333077e+14	-7.774949e+14	0.000000e+00	0.000000e+00	0.000000e+00
 -8.7766	        25	2.031542e+10	    25846.95	    20202.86	   99.77	496.147808	  170.85	   7.873e+09	  -1.086e+09	    1.05e+07	  0.792877	  0.608803	  0.581634	 -0.270280	  0.767235	  0.670022	  0.694021	 -0.263449	 -0.461272	  0.667296	  0.584760	2.964932e+14	-1.280989e+15	0.000000e+00	0.000000e+00	0.000000e+00
-11.1458	        45	3.656776e+10	    22715.67	    19728.16	  118.78	489.967171	  171.94	   1.323e+10	   5.673e+09	  -4.336e+09	  0.854415	  0.834715	  0.633725	  0.161233	  0.756569	 -0.616517	  0.696002	  0.368087	  0.467225	  0.699704	 -0.540476	5.405069e+14	-2.269910e+15	0.000000e+00	0.000000e+00	0.000000e+00
-14.1546	        53	4.306869e+10	    13062.69	     3852.92	  114.39	483.950189	  171.16	   1.551e+10	   6.937e+09	  -6.964e+09	  0.903880	  0.765805	  0.506151	  0.701383	  0.501870	  0.392737	 -0.705524	  0.589910	  0.767834	 -0.101480	 -0.632560	6.308741e+14	-2.655126e+15	0.000000e+00	0.000000e+00	0.000000e+00
-17.9756	        88	7.151028e+10	    10589.69	     8230.23	  130.80	476.157995	  177.08	   1.883e+10	    1.09e+10	  -4.672e+08	  0.942278	  0.706321	  0.206889	  0.839108	  0.503084	  0.875640	 -0.388178	  0.287354	 -0.436408	 -0.381070	  0.815067	1.121138e+15	-4.294025e+15	0.000000e+00	0.000000e+00	0.000000e+00
-22.8280	       141	1.145790e+11	     8284.44	     6085.04	  146.92	466.539342	  176.25	   4.964e+10	   1.782e+10	  -1.363e+10	  0.964361	  0.817789	 -0.290000	  0.736743	  0.610827	  0.681569	 -0.289066	  0.672239	  0.671836	  0.611270	 -0.418312	1.779732e+15	-6.686777e+15	0.000000e+00	0.000000e+00	0.000000e+00
