#r(1)	npart(2)	M_in_r(3)	ovdens(4)	dens(5)	vcirc(6)	vesc(7)	sigv(8)	Lx(9)	Ly(10)	Lz(11)	b(12)	c(13)	Eax(14)	Eay(15)	Eaz(16)	Ebx(17)	Eby(18)	Ebz(19)	Ecx(20)	Ecy(21)	Ecz(22)	Ekin(23)	Epot(24)	M_gas(25)	M_star(26)	U_gas(27)	
 -6.5808	         5	4.063084e+09	    39169.86	    39169.86	  115.86	634.877771	  303.96	   -1.22e+08	  -2.181e+08	   6.789e+06	  0.000000	  0.000000	  0.000000	  0.000000	  0.000000	  0.000000	  0.000000	  0.000000	  0.000000	  0.000000	  0.000000	1.877028e+14	-4.151322e+14	0.000000e+00	0.000000e+00	0.000000e+00
 -8.5484	         8	6.500934e+09	    28592.71	    19718.37	  128.58	628.283058	  297.90	  -2.588e+07	  -3.519e+08	   6.834e+07	  0.000000	  0.000000	  0.000000	  0.000000	  0.000000	  0.000000	  0.000000	  0.000000	  0.000000	  0.000000	  0.000000	2.884586e+14	-6.579149e+14	0.000000e+00	0.000000e+00	0.000000e+00
-11.1043	        12	9.751401e+09	    19567.26	    11994.80	  138.17	618.142527	  311.51	   -4.03e+08	    5.79e+07	  -9.406e+08	  0.932822	  0.806679	  0.018152	  0.869956	 -0.492795	  0.796803	  0.285143	  0.532727	  0.603967	 -0.402330	 -0.688008	4.731344e+14	-9.738651e+14	0.000000e+00	0.000000e+00	0.000000e+00
-14.4244	        14	1.137663e+10	    10415.02	     2736.19	  130.94	614.972197	  326.51	  -1.065e+09	   1.929e+08	  -6.301e+08	  0.885928	  0.731974	  0.618021	  0.675351	 -0.402431	  0.664003	 -0.722470	 -0.192711	  0.420892	  0.148116	  0.894937	6.064194e+14	-1.128096e+15	0.000000e+00	0.000000e+00	0.000000e+00
-18.7371	        25	2.031542e+10	     8485.07	     6865.82	  153.53	606.271364	  300.16	  -1.237e+09	  -5.008e+08	  -9.485e+08	  0.656365	  0.577082	  0.218707	  0.742284	 -0.633390	  0.789404	 -0.516150	 -0.332310	  0.573592	  0.427322	  0.698847	9.151514e+14	-1.961082e+15	0.000000e+00	0.000000e+00	0.000000e+00
-24.3393	        39	3.169205e+10	     6038.98	     3986.68	  168.25	595.928991	  301.98	   2.801e+09	  -8.883e+08	   -4.69e+09	  0.898826	  0.707182	 -0.001600	  0.893780	 -0.448503	 -0.208929	  0.438306	  0.874206	  0.977930	  0.095104	  0.186035	1.445032e+15	-2.985344e+15	0.000000e+00	0.000000e+00	0.000000e+00
-31.6165	        68	5.525794e+10	     4803.87	     3767.60	  194.93	581.124213	  295.43	   1.321e+09	  -3.184e+09	   -1.08e+10	  0.964916	  0.796741	 -0.363701	  0.819472	  0.442931	  0.074532	 -0.448371	  0.890735	  0.928529	  0.356973	  0.101996	2.411434e+15	-5.024709e+15	0.000000e+00	0.000000e+00	0.000000e+00
 41.0695	       113	9.182569e+10	     3642.03	     2667.24	  220.47	561.569883	  311.47	    1.98e+10	   -5.04e+09	  -1.308e+10	  0.954368	  0.716193	 -0.395504	  0.907677	 -0.140354	  0.347571	  0.289361	  0.891888	  0.850159	  0.303963	 -0.429925	4.454146e+15	-7.999873e+15	0.000000e+00	0.000000e+00	0.000000e+00
 53.3488	       153	1.243304e+11	     2249.78	     1081.67	  225.09	537.952776	  313.76	   2.311e+10	   -6.96e+09	  -3.229e+10	  0.901265	  0.630052	 -0.173007	  0.937373	  0.302324	  0.379360	 -0.219850	  0.898750	  0.908930	  0.270180	 -0.317566	6.119924e+15	-1.045266e+16	0.000000e+00	0.000000e+00	0.000000e+00
 69.2995	       232	1.885271e+11	     1556.40	      974.64	  243.19	509.926826	  318.62	   3.684e+10	  -2.612e+10	  -5.563e+10	  0.899984	  0.632616	 -0.112947	  0.890055	  0.441640	  0.500224	 -0.333110	  0.799259	  0.858498	  0.311192	 -0.407603	9.569625e+15	-1.487684e+16	0.000000e+00	0.000000e+00	0.000000e+00
 90.0193	       327	2.657257e+11	     1000.84	      534.72	  253.32	476.475514	  317.22	    6.26e+10	   2.075e+09	  -8.294e+10	  0.761958	  0.660154	 -0.186260	  0.850172	  0.492458	  0.524313	 -0.337881	  0.781622	  0.830905	  0.403787	 -0.382823	1.336951e+16	-1.957640e+16	0.000000e+00	0.000000e+00	0.000000e+00
116.9341	       443	3.599892e+11	      618.59	      297.88	  258.70	439.316993	  313.67	   5.031e+10	   2.681e+10	  -1.146e+11	  0.711039	  0.643477	 -0.231933	  0.813777	  0.532893	  0.140860	 -0.513959	  0.846170	  0.962479	  0.271318	  0.004575	1.770901e+16	-2.454354e+16	0.000000e+00	0.000000e+00	0.000000e+00
151.8962	       592	4.810691e+11	      377.14	      174.56	  262.40	396.388801	  303.39	    1.95e+10	   3.266e+10	  -6.465e+10	  0.713615	  0.588332	 -0.155342	  0.784655	  0.600154	  0.321911	 -0.534160	  0.781695	  0.933939	  0.314626	 -0.169612	2.213968e+16	-2.983963e+16	0.000000e+00	0.000000e+00	0.000000e+00
197.3251	       687	5.582677e+11	      199.63	       50.76	  248.00	350.741718	  295.14	   6.561e+10	   1.884e+10	  -9.107e+09	  0.748655	  0.609126	 -0.078141	  0.734680	  0.673899	  0.371244	 -0.605906	  0.703602	  0.925242	  0.305161	 -0.225400	2.431520e+16	-3.256999e+16	0.000000e+00	0.000000e+00	0.000000e+00
 -8.2899	         7	5.688317e+09	    27432.63	    27432.63	  122.14	484.318958	  174.37	    -2.8e+08	  -1.135e+08	  -3.175e+07	  0.000000	  0.000000	  0.000000	  0.000000	  0.000000	  0.000000	  0.000000	  0.000000	  0.000000	  0.000000	  0.000000	8.647493e+13	-3.455774e+14	0.000000e+00	0.000000e+00	0.000000e+00
-10.8474	         9	7.313551e+09	    15743.12	     6318.96	  121.07	480.092734	  192.89	  -4.485e+08	   -1.09e+08	  -3.852e+08	  0.000000	  0.000000	  0.000000	  0.000000	  0.000000	  0.000000	  0.000000	  0.000000	  0.000000	  0.000000	  0.000000	1.360520e+14	-4.396859e+14	0.000000e+00	0.000000e+00	0.000000e+00
-14.1938	        14	1.137663e+10	    10930.88	     7051.22	  132.00	473.626664	  221.32	  -2.183e+08	   2.914e+08	  -1.168e+09	  0.669995	  0.534428	  0.198987	  0.966073	  0.164641	  0.978649	 -0.187063	 -0.085169	  0.051481	 -0.178073	  0.982670	2.786178e+14	-6.699576e+14	0.000000e+00	0.000000e+00	0.000000e+00
-18.5726	        21	1.706495e+10	     7318.55	     4406.27	  141.33	461.303384	  215.10	  -1.582e+09	   4.067e+08	  -1.313e+09	  0.790014	  0.596755	 -0.053056	  0.975821	 -0.212033	  0.984823	  0.086270	  0.150604	 -0.165254	  0.200825	  0.965588	3.947704e+14	-9.812159e+14	0.000000e+00	0.000000e+00	0.000000e+00
-24.3022	        36	2.925420e+10	     5599.99	     4214.47	  161.77	450.135760	  227.06	  -1.296e+09	   2.665e+09	  -4.142e+08	  0.809632	  0.595211	 -0.267383	  0.957470	 -0.108435	  0.963172	  0.262253	 -0.059353	  0.028392	  0.120312	  0.992330	7.541441e+14	-1.613321e+15	0.000000e+00	0.000000e+00	0.000000e+00
-31.7995	        49	3.981822e+10	     3402.20	     1630.33	  164.99	433.317564	  212.05	  -4.299e+08	   2.994e+09	    5.81e+08	  0.816820	  0.758164	 -0.598965	  0.799327	 -0.048138	 -0.526441	 -0.347758	  0.775837	  0.603407	  0.490041	  0.629094	8.952365e+14	-2.128603e+15	0.000000e+00	0.000000e+00	0.000000e+00
 41.6096	        75	6.094626e+10	     2324.36	     1455.40	  178.44	413.571215	  205.83	   3.181e+09	   3.004e+09	   5.824e+09	  0.784613	  0.734486	 -0.178836	  0.917717	 -0.354701	 -0.876300	  0.015344	  0.481521	  0.447342	  0.396938	  0.801452	1.291055e+15	-3.076996e+15	0.000000e+00	0.000000e+00	0.000000e+00
 54.4461	        99	8.044906e+10	     1369.48	      599.65	  179.23	390.906995	  204.76	   1.072e+09	   6.142e+09	   9.389e+09	  0.821643	  0.783895	 -0.437967	  0.805289	 -0.399617	 -0.896888	 -0.421788	  0.132993	 -0.061456	  0.416658	  0.906983	1.686408e+15	-3.871522e+15	0.000000e+00	0.000000e+00	0.000000e+00
 71.2428	       141	1.145790e+11	      870.60	      468.40	  186.99	369.373614	  214.12	    2.52e+10	   7.022e+09	   1.035e+10	  0.909199	  0.785141	 -0.308737	  0.822916	 -0.476959	  0.403486	  0.567413	  0.717803	  0.861325	  0.029166	 -0.507217	2.626501e+15	-5.112036e+15	0.000000e+00	0.000000e+00	0.000000e+00
 93.2212	       176	1.430205e+11	      485.06	      174.23	  182.63	344.086691	  221.50	   3.046e+10	   6.292e+09	   2.385e+10	  0.969664	  0.761446	  0.008875	  0.995040	  0.099082	  0.530642	 -0.088670	  0.842945	  0.847550	  0.045096	 -0.528797	3.508468e+15	-6.009312e+15	0.000000e+00	0.000000e+00	0.000000e+00
121.9799	       247	2.007163e+11	      303.85	      157.76	  189.14	316.153839	  222.10	    8.02e+10	  -1.632e+10	    1.25e+10	  0.885533	  0.732843	  0.230861	 -0.525636	  0.818786	 -0.162594	  0.808843	  0.565098	  0.959305	  0.263589	 -0.101265	4.950299e+15	-7.574133e+15	0.000000e+00	0.000000e+00	0.000000e+00
159.6243	       360	2.925420e+11	      197.62	      112.02	  199.61	282.296510	  214.81	   1.814e+11	   1.728e+10	  -2.667e+10	  0.892242	  0.755388	  0.129137	 -0.605339	  0.785422	 -0.007712	  0.791417	  0.611228	  0.991597	  0.084989	 -0.097533	6.749584e+15	-9.637034e+15	0.000000e+00	0.000000e+00	0.000000e+00
-12.2348	         5	4.063084e+09	     6095.37	     6095.37	   84.97	421.611770	  123.21	   -1.87e+08	   9.513e+07	  -1.256e+08	  0.000000	  0.000000	  0.000000	  0.000000	  0.000000	  0.000000	  0.000000	  0.000000	  0.000000	  0.000000	  0.000000	3.083857e+13	-1.831479e+14	0.000000e+00	0.000000e+00	0.000000e+00
-15.6850	        10	8.126168e+09	     5785.88	     5506.30	  106.13	415.821208	  135.96	  -3.511e+07	  -1.182e+08	   4.685e+07	  0.000000	  0.000000	  0.000000	  0.000000	  0.000000	  0.000000	  0.000000	  0.000000	  0.000000	  0.000000	  0.000000	7.510714e+13	-3.612542e+14	0.000000e+00	0.000000e+00	0.000000e+00
-20.1081	        15	1.218925e+10	     4119.08	     2613.36	  114.80	408.075885	  177.35	    2.87e+08	    1.89e+08	   1.002e+09	  0.808473	  0.704229	  0.863525	  0.287887	 -0.414060	 -0.482345	  0.711138	 -0.511494	  0.147202	  0.641407	  0.752946	1.916906e+14	-5.324353e+14	0.000000e+00	0.000000e+00	0.000000e+00
-25.7785	        25	2.031542e+10	     3258.28	     2480.67	  130.89	398.243836	  186.47	   1.354e+08	   3.532e+08	   1.975e+09	  0.804770	  0.712178	  0.627616	  0.756118	  0.185426	 -0.172507	 -0.097190	  0.980202	  0.759170	 -0.647178	  0.069437	3.531989e+14	-8.651369e+14	0.000000e+00	0.000000e+00	0.000000e+00
-33.0480	        37	3.006682e+10	     2288.70	     1412.83	  140.64	387.692216	  189.07	  -1.028e+08	  -2.747e+08	   3.449e+09	  0.748329	  0.630221	  0.994695	  0.039543	 -0.094960	  0.017374	  0.845314	  0.533987	  0.101386	 -0.532804	  0.840143	5.374071e+14	-1.239482e+15	0.000000e+00	0.000000e+00	0.000000e+00
 42.3674	        59	4.794439e+10	     1732.13	     1229.34	  156.85	372.987590	  197.79	  -6.655e+09	  -8.367e+09	   7.132e+09	  0.853344	  0.687286	  0.981969	 -0.147397	 -0.118372	  0.181558	  0.560863	  0.807756	  0.052670	  0.814682	 -0.577511	9.378477e+14	-1.885803e+15	0.000000e+00	0.000000e+00	0.000000e+00
 54.3149	        83	6.744719e+10	     1156.50	      636.50	  164.30	354.643598	  204.19	  -9.427e+09	  -9.855e+09	   1.208e+10	  0.749357	  0.685394	  0.822408	 -0.546958	 -0.156466	  0.399591	  0.359611	  0.843212	  0.404935	  0.755987	 -0.514307	1.406124e+15	-2.527298e+15	0.000000e+00	0.000000e+00	0.000000e+00
 69.6315	       110	8.938784e+10	      727.44	      339.85	  167.06	336.087393	  201.82	  -1.092e+10	  -1.618e+10	   1.443e+10	  0.807073	  0.704041	  0.817570	 -0.558919	 -0.138526	  0.402395	  0.382466	  0.831744	  0.411896	  0.735751	 -0.537598	1.820353e+15	-3.177301e+15	0.000000e+00	0.000000e+00	0.000000e+00
 89.2673	       146	1.186420e+11	      458.25	      215.06	  169.98	314.852724	  208.67	  -6.247e+09	  -1.808e+10	   2.596e+09	  0.877999	  0.768299	  0.932058	 -0.309439	 -0.188456	  0.146475	 -0.153924	  0.977166	  0.331382	  0.938379	  0.098141	2.583013e+15	-3.948804e+15	0.000000e+00	0.000000e+00	0.000000e+00
114.4404	       215	1.747126e+11	      320.28	      195.64	  182.18	288.991723	  204.97	  -8.076e+09	  -6.678e+09	   7.026e+08	  0.876591	  0.692871	  0.774661	 -0.618442	  0.132018	 -0.248585	 -0.105848	  0.962809	  0.581468	  0.778669	  0.235732	3.670125e+15	-5.231596e+15	0.000000e+00	0.000000e+00	0.000000e+00
146.7257	       278	2.259075e+11	      196.49	       84.73	  182.95	258.746569	  202.13	  -3.933e+10	  -1.446e+10	   1.657e+10	  0.950756	  0.666921	  0.735207	 -0.552591	  0.392573	 -0.430715	  0.066358	  0.900045	  0.523408	  0.830806	  0.189222	4.614836e+15	-6.193409e+15	0.000000e+00	0.000000e+00	0.000000e+00
 -8.8340	         5	4.063084e+09	    16192.57	    16192.57	   99.99	436.745705	  163.77	   -9.33e+07	  -2.886e+08	   2.828e+08	  0.000000	  0.000000	  0.000000	  0.000000	  0.000000	  0.000000	  0.000000	  0.000000	  0.000000	  0.000000	  0.000000	5.448545e+13	-1.982263e+14	0.000000e+00	0.000000e+00	0.000000e+00
-11.6450	         8	6.500934e+09	    11310.92	     7528.27	  110.17	429.667698	  192.65	  -1.562e+06	   1.789e+08	   7.053e+07	  0.000000	  0.000000	  0.000000	  0.000000	  0.000000	  0.000000	  0.000000	  0.000000	  0.000000	  0.000000	  0.000000	1.206326e+14	-3.118730e+14	0.000000e+00	0.000000e+00	0.000000e+00
-15.3503	        10	8.126168e+09	     6172.62	     2191.12	  107.28	422.243678	  199.50	   5.034e+08	    3.98e+08	   5.458e+08	  0.000000	  0.000000	  0.000000	  0.000000	  0.000000	  0.000000	  0.000000	  0.000000	  0.000000	  0.000000	  0.000000	1.617062e+14	-3.850075e+14	0.000000e+00	0.000000e+00	0.000000e+00
-20.2347	        19	1.543972e+10	     5120.18	     4304.68	  128.79	413.562920	  204.36	    9.13e+08	   3.551e+08	    3.95e+08	  0.751255	  0.561457	 -0.587998	 -0.018684	  0.808646	  0.615552	 -0.658904	  0.432367	  0.524742	  0.751995	  0.398936	3.223896e+14	-7.037054e+14	0.000000e+00	0.000000e+00	0.000000e+00
-26.6733	        33	2.681635e+10	     3882.47	     2923.40	  147.84	400.837580	  208.72	   8.284e+08	  -2.856e+09	   1.308e+09	  0.871912	  0.655143	 -0.475288	  0.025186	  0.879470	  0.831860	  0.338415	  0.439867	 -0.286547	  0.940660	 -0.181796	5.841326e+14	-1.176077e+15	0.000000e+00	0.000000e+00	0.000000e+00
-35.1605	        54	4.388131e+10	     2773.64	     1914.44	  164.72	382.016949	  210.05	  -7.149e+07	  -4.599e+09	   5.682e+08	  0.953337	  0.842076	 -0.371358	  0.720580	  0.585541	 -0.233306	 -0.682822	  0.692331	  0.898700	  0.120493	  0.421687	9.680589e+14	-1.833308e+15	0.000000e+00	0.000000e+00	0.000000e+00
 46.3484	        79	6.419672e+10	     1771.52	      995.00	  173.53	363.264836	  219.46	  -2.937e+09	   -1.03e+10	   4.557e+09	  0.844098	  0.678944	 -0.468228	  0.731314	  0.495926	 -0.139095	 -0.615257	  0.775958	  0.872591	  0.294344	  0.389803	1.545992e+15	-2.533673e+15	0.000000e+00	0.000000e+00	0.000000e+00
 61.0962	       108	8.776261e+10	     1057.31	      503.90	  176.72	338.062168	  212.90	   1.008e+09	  -1.031e+10	   6.408e+09	  0.761162	  0.625501	 -0.560268	  0.740727	  0.370707	 -0.078222	 -0.492860	  0.866586	  0.824610	  0.456523	  0.334075	1.988900e+15	-3.264481e+15	0.000000e+00	0.000000e+00	0.000000e+00
 80.5367	       148	1.202673e+11	      632.56	      303.44	  180.18	310.140267	  206.55	   1.337e+10	  -5.848e+09	  -1.619e+08	  0.851114	  0.671509	 -0.640465	  0.745030	  0.186372	 -0.098680	 -0.320498	  0.942095	  0.761621	  0.584988	  0.278787	2.565592e+15	-4.120492e+15	0.000000e+00	0.000000e+00	0.000000e+00
106.1629	       199	1.617107e+11	      371.33	      168.90	  181.97	281.146586	  201.74	   1.463e+10	  -2.565e+10	  -4.204e+09	  0.889538	  0.673132	 -0.663190	  0.736375	  0.133910	 -0.008807	 -0.186581	  0.982400	  0.748399	  0.650338	  0.130224	3.290626e+15	-5.032486e+15	0.000000e+00	0.000000e+00	0.000000e+00
139.9569	       242	1.966533e+11	      197.09	       62.14	  174.78	247.181988	  200.12	   2.065e+10	  -4.147e+10	    -2.2e+10	  0.757084	  0.555404	 -0.661539	  0.687737	  0.298971	  0.075650	 -0.335439	  0.939019	  0.746085	  0.643815	  0.169879	3.937837e+15	-5.658795e+15	0.000000e+00	0.000000e+00	0.000000e+00
-12.6798	         8	6.500934e+09	     8761.51	     8761.51	  105.57	414.807963	  180.52	  -2.263e+08	   4.167e+07	   2.266e+08	  0.000000	  0.000000	  0.000000	  0.000000	  0.000000	  0.000000	  0.000000	  0.000000	  0.000000	  0.000000	  0.000000	1.059239e+14	-2.865734e+14	0.000000e+00	0.000000e+00	0.000000e+00
-16.4602	        17	1.381448e+10	     8510.77	     8299.65	  135.08	406.823486	  187.08	  -2.293e+08	  -9.653e+08	  -9.997e+07	  0.811701	  0.677028	  0.388490	  0.501997	  0.772706	  0.892465	  0.003698	 -0.451102	 -0.229309	  0.864862	 -0.446578	2.417376e+14	-5.944831e+14	0.000000e+00	0.000000e+00	0.000000e+00
-21.3677	        28	2.275327e+10	     6407.81	     4637.04	  152.15	393.741949	  199.63	   1.224e+09	    5.63e+08	  -1.626e+09	  0.839498	  0.655966	  0.500063	  0.740253	  0.449402	  0.220076	 -0.610540	  0.760794	  0.837558	 -0.281543	 -0.468220	4.533923e+14	-9.521513e+14	0.000000e+00	0.000000e+00	0.000000e+00
-27.7383	        41	3.331729e+10	     4289.10	     2505.09	  161.59	377.838667	  215.39	  -4.555e+07	   1.503e+09	  -1.649e+09	  0.839363	  0.643726	  0.259587	  0.772156	  0.579991	  0.478415	 -0.624526	  0.617322	  0.838889	  0.117228	 -0.531529	7.728671e+14	-1.344914e+15	0.000000e+00	0.000000e+00	0.000000e+00
-36.0083	        55	4.469392e+10	     2630.13	     1233.22	  164.27	358.693206	  214.52	  -1.131e+08	   2.022e+09	  -5.664e+09	  0.877990	  0.802199	  0.718807	 -0.684137	 -0.123582	  0.677044	  0.648505	  0.347927	 -0.157886	 -0.333763	  0.929341	1.028396e+15	-1.729532e+15	0.000000e+00	0.000000e+00	0.000000e+00
 46.7440	        71	5.769579e+10	     1552.04	      644.26	  163.81	337.091868	  208.97	  -1.123e+09	   1.373e+09	  -6.931e+09	  0.840984	  0.733754	  0.931921	 -0.056945	 -0.358163	 -0.142860	  0.850101	 -0.506873	  0.333339	  0.523532	  0.784092	1.259802e+15	-2.125905e+15	0.000000e+00	0.000000e+00	0.000000e+00
 60.6805	       100	8.126168e+10	      999.25	      533.79	  170.63	315.918418	  205.43	  -5.128e+07	   5.306e+09	  -1.335e+10	  0.894784	  0.656720	  0.965636	 -0.259229	 -0.018668	 -0.157220	 -0.639823	  0.752269	  0.206954	  0.723482	  0.658592	1.714643e+15	-2.752227e+15	0.000000e+00	0.000000e+00	0.000000e+00
 78.7720	       129	1.048276e+11	      589.25	      244.01	  170.09	289.753772	  194.01	  -1.832e+09	   6.624e+08	  -1.884e+10	  0.897231	  0.670703	  0.965451	 -0.228528	  0.125218	 -0.220609	 -0.461030	  0.859525	  0.138696	  0.857453	  0.495517	1.972927e+15	-3.294347e+15	0.000000e+00	0.000000e+00	0.000000e+00
102.2574	       179	1.454584e+11	      373.76	      192.31	  175.85	263.094612	  191.74	  -7.062e+09	   3.223e+09	  -2.861e+10	  0.803362	  0.607707	  0.970854	  0.117579	 -0.208847	 -0.208932	  0.842147	 -0.497128	  0.117429	  0.526274	  0.842168	2.673756e+15	-4.068819e+15	0.000000e+00	0.000000e+00	0.000000e+00
132.7584	       207	1.682117e+11	      197.52	       49.20	  165.97	234.726254	  190.01	  -1.457e+10	   1.437e+10	  -3.116e+10	  0.771778	  0.621660	  0.949944	  0.174489	 -0.259153	 -0.247731	  0.926108	 -0.284523	  0.190358	  0.334481	  0.922977	3.036409e+15	-4.424298e+15	0.000000e+00	0.000000e+00	0.000000e+00
-12.4395	         4	3.250467e+09	     4639.50	     4639.50	   75.37	368.378960	   96.19	   6.437e+07	   1.482e+08	  -1.663e+08	  0.000000	  0.000000	  0.000000	  0.000000	  0.000000	  0.000000	  0.000000	  0.000000	  0.000000	  0.000000	  0.000000	1.503601e+13	-1.136879e+14	0.000000e+00	0.000000e+00	0.000000e+00
-16.0097	         8	6.500934e+09	     4352.73	     4099.35	   93.96	361.031691	  110.59	   2.549e+08	    5.74e+07	  -2.764e+08	  0.000000	  0.000000	  0.000000	  0.000000	  0.000000	  0.000000	  0.000000	  0.000000	  0.000000	  0.000000	  0.000000	3.975114e+13	-2.222932e+14	0.000000e+00	0.000000e+00	0.000000e+00
-20.6046	        11	8.938784e+09	     2807.53	     1442.24	   97.11	357.184901	  142.10	   8.167e+08	   1.841e+08	   5.936e+08	  0.781062	  0.719115	 -0.240111	  0.851590	  0.465984	 -0.043614	 -0.489006	  0.871189	  0.969765	  0.188858	  0.154557	9.024854e+13	-3.008855e+14	0.000000e+00	0.000000e+00	0.000000e+00
-26.5182	        20	1.625234e+10	     2394.54	     2029.64	  115.43	350.393748	  167.37	   3.163e+09	   6.223e+08	  -9.559e+08	  0.723081	  0.616386	 -0.308380	  0.849448	 -0.428182	 -0.876803	 -0.079242	  0.474275	  0.368942	  0.521688	  0.769235	2.276393e+14	-5.286152e+14	0.000000e+00	0.000000e+00	0.000000e+00
-34.1290	        31	2.519112e+10	     1741.06	     1163.67	  126.67	337.450544	  172.37	   2.893e+09	   2.949e+09	    8.66e+08	  0.796533	  0.571474	 -0.139381	  0.948659	 -0.283934	  0.958085	  0.201666	  0.203477	 -0.250290	  0.243672	  0.937005	3.742514e+14	-7.947930e+14	0.000000e+00	0.000000e+00	0.000000e+00
 43.9241	        53	4.306869e+10	     1396.33	     1091.74	  146.00	327.311871	  170.07	   4.945e+09	   5.996e+09	   9.279e+08	  0.778408	  0.707050	 -0.264027	  0.955570	 -0.131056	  0.872949	  0.178960	 -0.453799	  0.410183	  0.234221	  0.881414	6.228348e+14	-1.285772e+15	0.000000e+00	0.000000e+00	0.000000e+00
 56.5305	        74	6.013364e+10	      914.55	      488.85	  152.07	307.301383	  176.86	   1.117e+10	   6.278e+09	    3.99e+09	  0.736606	  0.660101	 -0.326393	  0.897219	 -0.297432	  0.801540	  0.429497	  0.416012	 -0.501000	  0.102620	  0.859342	9.404542e+14	-1.714401e+15	0.000000e+00	0.000000e+00	0.000000e+00
 72.7550	       105	8.532476e+10	      608.73	      338.52	  159.67	290.080124	  185.49	    4.75e+09	   8.779e+08	   4.491e+09	  0.844570	  0.700520	 -0.504583	  0.770887	 -0.388754	  0.415504	  0.611529	  0.673341	  0.756804	  0.178228	 -0.628874	1.467871e+15	-2.273960e+15	0.000000e+00	0.000000e+00	0.000000e+00
 93.6359	       150	1.218925e+11	      407.93	      230.51	  168.23	264.784353	  193.62	  -1.175e+09	  -1.503e+10	   7.671e+09	  0.891279	  0.735472	 -0.645835	  0.604981	 -0.465719	 -0.036818	  0.584609	  0.810480	  0.762588	  0.540583	 -0.355287	2.284726e+15	-2.981500e+15	0.000000e+00	0.000000e+00	0.000000e+00
120.5234	       193	1.568350e+11	      246.13	      103.26	  168.20	237.877137	  197.88	   2.004e+10	  -4.388e+10	   1.876e+10	  0.824571	  0.725318	  0.813277	 -0.055790	  0.579196	 -0.261524	  0.854145	  0.449491	 -0.519795	 -0.517034	  0.680065	3.070651e+15	-3.529701e+15	0.000000e+00	0.000000e+00	0.000000e+00
-19.9491	         4	3.250467e+09	     1124.90	     1124.90	   59.52	323.797596	   64.04	  -3.235e+07	  -6.414e+07	  -2.186e+08	  0.000000	  0.000000	  0.000000	  0.000000	  0.000000	  0.000000	  0.000000	  0.000000	  0.000000	  0.000000	  0.000000	6.665622e+12	-8.851163e+13	0.000000e+00	0.000000e+00	0.000000e+00
-24.4169	         7	5.688317e+09	     1073.61	     1012.09	   71.17	320.949861	   89.93	  -2.813e+08	   2.024e+08	  -1.002e+09	  0.000000	  0.000000	  0.000000	  0.000000	  0.000000	  0.000000	  0.000000	  0.000000	  0.000000	  0.000000	  0.000000	2.300296e+13	-1.519752e+14	0.000000e+00	0.000000e+00	0.000000e+00
-29.8854	        14	1.137663e+10	     1171.05	     1287.93	   90.97	317.685131	  138.96	  -1.544e+09	  -1.376e+09	   -2.34e+09	  0.780862	  0.557492	  0.650666	 -0.704650	  0.283023	 -0.631515	 -0.295155	  0.716989	  0.421690	  0.645253	  0.637044	1.098401e+14	-2.966836e+14	0.000000e+00	0.000000e+00	0.000000e+00
-36.5786	        25	2.031542e+10	     1140.47	     1103.78	  109.88	310.970186	  149.33	  -8.134e+08	  -2.538e+09	  -4.034e+09	  0.840371	  0.589734	  0.538742	  0.454921	 -0.709087	 -0.788108	  0.569588	 -0.233355	  0.297729	  0.684556	  0.665388	2.265084e+14	-5.175128e+14	0.000000e+00	0.000000e+00	0.000000e+00
 44.7708	        40	3.250467e+10	      995.17	      820.88	  125.63	300.304059	  151.79	  -3.037e+09	  -3.662e+09	   -8.93e+09	  0.914324	  0.591088	  0.346134	 -0.637346	  0.688463	 -0.929600	 -0.133946	  0.343368	  0.126627	  0.758847	  0.638841	3.744639e+14	-8.032460e+14	0.000000e+00	0.000000e+00	0.000000e+00
 54.7977	        56	4.550654e+10	      759.84	      477.53	  134.36	290.917151	  153.25	  -7.346e+09	  -5.313e+09	  -1.563e+10	  0.798165	  0.527042	  0.738690	  0.358537	 -0.570780	 -0.655991	  0.577075	 -0.486478	  0.154962	  0.733782	  0.661476	5.343969e+14	-1.087310e+15	0.000000e+00	0.000000e+00	0.000000e+00
 67.0703	        91	7.394813e+10	      673.40	      569.70	  154.82	276.037343	  155.04	  -3.132e+09	  -1.072e+10	  -1.134e+10	  0.792244	  0.542767	  0.522697	  0.562473	 -0.640634	 -0.815140	  0.549817	 -0.182341	  0.249669	  0.617515	  0.745882	8.887842e+14	-1.658232e+15	0.000000e+00	0.000000e+00	0.000000e+00
 82.0915	       112	9.101308e+10	      452.01	      186.42	  155.25	257.403510	  158.73	  -8.203e+09	  -1.309e+10	  -1.561e+10	  0.780160	  0.541680	  0.317027	  0.632399	 -0.706800	 -0.943103	  0.288982	 -0.164456	  0.100251	  0.718722	  0.688032	1.146480e+15	-1.962147e+15	0.000000e+00	0.000000e+00	0.000000e+00
100.4768	       137	1.113285e+11	      301.54	      121.04	  155.20	238.154516	  158.01	  -1.592e+10	  -1.537e+10	  -1.781e+10	  0.729228	  0.540342	 -0.211874	 -0.659831	  0.720925	  0.962795	 -0.267532	  0.038098	  0.167733	  0.702175	  0.691965	1.389737e+15	-2.275054e+15	0.000000e+00	0.000000e+00	0.000000e+00
122.9933	       164	1.332691e+11	      196.80	       71.24	  153.48	217.065282	  159.65	  -2.629e+10	  -3.499e+10	  -3.338e+10	  0.768225	  0.596607	  0.413803	  0.611254	 -0.674638	 -0.881061	  0.455412	 -0.127792	  0.229125	  0.647278	  0.727003	1.698385e+15	-2.563787e+15	0.000000e+00	0.000000e+00	0.000000e+00
-15.6953	         8	6.500934e+09	     4619.56	     4619.56	   94.89	344.176427	  153.17	  -8.512e+07	  -1.453e+08	  -3.325e+08	  0.000000	  0.000000	  0.000000	  0.000000	  0.000000	  0.000000	  0.000000	  0.000000	  0.000000	  0.000000	  0.000000	7.626061e+13	-1.974319e+14	0.000000e+00	0.000000e+00	0.000000e+00
-19.7137	        13	1.056402e+10	     3788.47	     2941.70	  107.93	337.297332	  164.68	  -2.047e+08	   3.018e+08	  -1.082e+09	  0.772607	  0.450087	  0.793763	 -0.097806	 -0.600312	  0.141903	  0.989528	  0.026413	  0.591442	 -0.106151	  0.799330	1.432460e+14	-3.149859e+14	0.000000e+00	0.000000e+00	0.000000e+00
-24.7608	        19	1.543972e+10	     2794.37	     1781.52	  116.43	328.635829	  179.80	  -3.849e+08	   3.369e+08	  -2.789e+09	  0.869644	  0.515753	 -0.692329	  0.603393	  0.395723	  0.548971	  0.796363	 -0.253844	  0.468307	 -0.041497	  0.882591	2.495580e+14	-4.496100e+14	0.000000e+00	0.000000e+00	0.000000e+00
-31.1000	        30	2.437850e+10	     2226.70	     1648.32	  130.54	317.759627	  175.33	  -1.773e+09	   1.208e+09	  -2.855e+09	  0.825188	  0.701017	 -0.272832	  0.933306	 -0.233458	  0.765646	  0.063706	 -0.640099	  0.582536	  0.353386	  0.731963	3.746892e+14	-6.831269e+14	0.000000e+00	0.000000e+00	0.000000e+00
-39.0623	        40	3.250467e+10	     1498.34	      756.24	  134.50	304.183490	  161.88	   5.516e+08	   4.095e+08	  -2.892e+09	  0.873622	  0.742454	 -0.502567	  0.857318	  0.111503	 -0.406488	 -0.348152	  0.844723	  0.763016	  0.379205	  0.523459	4.258924e+14	-8.787305e+14	0.000000e+00	0.000000e+00	0.000000e+00
 49.0630	        57	4.631916e+10	     1077.55	      648.81	  143.26	290.366724	  164.26	   -5.27e+09	   1.243e+09	  -1.295e+08	  0.853488	  0.730341	 -0.189162	  0.942219	 -0.276479	  0.600387	  0.333780	  0.726723	  0.777016	 -0.028526	 -0.628834	6.248618e+14	-1.184947e+15	0.000000e+00	0.000000e+00	0.000000e+00
 61.6241	        77	6.257149e+10	      734.62	      385.22	  148.57	273.654964	  167.91	  -8.673e+09	   5.556e+09	   2.159e+08	  0.778248	  0.597312	 -0.072431	  0.993302	 -0.090030	  0.911523	  0.102564	  0.398254	 -0.404821	  0.053218	  0.912846	8.820957e+14	-1.505290e+15	0.000000e+00	0.000000e+00	0.000000e+00
 77.4011	       101	8.207429e+10	      486.30	      233.29	  151.83	254.686427	  168.38	  -1.075e+10	    8.93e+09	  -7.344e+09	  0.734104	  0.659816	 -0.092799	  0.994872	 -0.040219	  0.788568	  0.098097	  0.607073	 -0.607905	 -0.024621	  0.793628	1.163442e+15	-1.837734e+15	0.000000e+00	0.000000e+00	0.000000e+00
 97.2174	       131	1.064528e+11	      318.32	      147.17	  154.29	232.409411	  164.35	  -9.656e+09	   1.782e+10	  -1.602e+10	  0.731827	  0.616887	 -0.028107	  0.998010	  0.056439	  0.691852	 -0.021330	  0.721724	  0.721492	  0.059333	 -0.689876	1.437652e+15	-2.199595e+15	0.000000e+00	0.000000e+00	0.000000e+00
122.1206	       152	1.235177e+11	      186.34	       51.96	  148.29	209.718485	  160.37	   -6.31e+09	   1.212e+10	  -1.086e+10	  0.754094	  0.656766	  0.064254	  0.992127	  0.107496	  0.659266	 -0.123067	  0.741770	  0.749159	  0.023207	 -0.661983	1.588403e+15	-2.404931e+15	0.000000e+00	0.000000e+00	0.000000e+00
-13.1290	         7	5.688317e+09	     6905.94	     6905.94	   97.05	358.595110	  153.41	   2.832e+08	  -9.897e+07	  -3.192e+07	  0.000000	  0.000000	  0.000000	  0.000000	  0.000000	  0.000000	  0.000000	  0.000000	  0.000000	  0.000000	  0.000000	6.693702e+13	-1.880199e+14	0.000000e+00	0.000000e+00	0.000000e+00
-17.2911	        12	9.751401e+09	     5182.49	     3840.63	  110.73	349.743510	  138.44	   5.432e+08	  -4.346e+08	  -4.483e+08	  0.852821	  0.603069	 -0.230838	  0.829049	 -0.509305	  0.818821	  0.448276	  0.358582	 -0.525591	  0.334256	  0.782322	9.343919e+13	-3.145872e+14	0.000000e+00	0.000000e+00	0.000000e+00
-22.7725	        22	1.787757e+10	     4159.23	     3362.53	  130.64	339.092021	  162.37	   2.039e+09	  -1.497e+08	  -8.234e+08	  0.903614	  0.538104	 -0.396917	  0.826941	 -0.398278	  0.702690	  0.552933	  0.447762	 -0.590495	  0.102142	  0.800552	2.356735e+14	-5.543930e+14	0.000000e+00	0.000000e+00	0.000000e+00
-29.9916	        33	2.681635e+10	     2731.09	     1619.16	  139.42	324.244030	  172.04	   2.579e+09	   7.172e+07	   -4.57e+09	  0.928016	  0.706387	  0.792325	 -0.180991	  0.582634	  0.175233	  0.982256	  0.066832	 -0.584392	  0.049144	  0.809982	3.968601e+14	-8.022559e+14	0.000000e+00	0.000000e+00	0.000000e+00
-39.4993	        47	3.819299e+10	     1702.76	      902.11	  144.99	306.560147	  178.27	   1.286e+09	   2.455e+09	  -8.802e+09	  0.902611	  0.772292	  0.959137	  0.252966	 -0.126747	 -0.257971	  0.965842	 -0.024493	  0.116222	  0.056189	  0.991633	6.068900e+14	-1.084631e+15	0.000000e+00	0.000000e+00	0.000000e+00
 52.0210	        70	5.688317e+10	     1110.16	      648.77	  154.18	285.238346	  177.22	  -6.937e+08	  -9.475e+08	  -1.161e+10	  0.889815	  0.754633	 -0.105987	  0.982983	  0.150035	  0.993445	  0.111174	 -0.026598	  0.042826	 -0.146232	  0.988323	8.932828e+14	-1.495362e+15	0.000000e+00	0.000000e+00	0.000000e+00
 68.5121	        96	7.801121e+10	      666.49	      321.05	  157.33	261.049607	  182.37	   5.141e+08	  -2.447e+09	  -1.731e+10	  0.912657	  0.674716	 -0.582963	  0.712650	  0.390236	  0.745326	  0.660271	 -0.092366	  0.323486	 -0.237007	  0.916070	1.297215e+15	-1.887653e+15	0.000000e+00	0.000000e+00	0.000000e+00
 90.2312	       120	9.751401e+10	      364.70	      129.73	  153.28	235.578757	  184.31	  -1.289e+09	   1.163e+10	  -2.585e+10	  0.873852	  0.722770	  0.880188	  0.179446	 -0.439395	  0.055349	  0.880649	  0.470526	  0.471387	 -0.438471	  0.765204	1.656317e+15	-2.180020e+15	0.000000e+00	0.000000e+00	0.000000e+00
118.8489	       146	1.186420e+11	      194.17	       61.49	  147.32	208.347752	  179.66	  -9.354e+07	   1.146e+10	  -4.597e+10	  0.895520	  0.740094	 -0.641828	 -0.163655	  0.749182	 -0.005377	  0.977899	  0.209010	  0.766830	 -0.130120	  0.628523	1.914729e+15	-2.433715e+15	0.000000e+00	0.000000e+00	0.000000e+00
-16.5179	         9	7.313551e+09	     4458.62	     4458.62	   98.11	327.810594	  139.85	   -4.02e+08	   1.808e+08	   3.684e+08	  0.000000	  0.000000	  0.000000	  0.000000	  0.000000	  0.000000	  0.000000	  0.000000	  0.000000	  0.000000	  0.000000	7.151629e+13	-2.026106e+14	0.000000e+00	0.000000e+00	0.000000e+00
-21.0482	        14	1.137663e+10	     3352.02	     2316.94	  108.40	321.586070	  154.10	   -1.09e+08	   1.844e+08	   6.486e+08	  0.951360	  0.595880	  0.561843	 -0.331251	 -0.758027	  0.793384	 -0.043711	  0.607150	  0.234254	  0.942530	 -0.238250	1.350712e+14	-3.096476e+14	0.000000e+00	0.000000e+00	0.000000e+00
-26.8210	        24	1.950280e+10	     2777.22	     2239.57	  125.73	309.964333	  172.55	  -1.819e+09	   -2.73e+08	   1.487e+09	  0.739157	  0.572825	  0.189774	  0.033239	  0.981265	  0.964416	  0.181077	 -0.192649	 -0.184088	  0.982907	  0.002308	2.903495e+14	-5.121550e+14	0.000000e+00	0.000000e+00	0.000000e+00
-34.1770	        35	2.844159e+10	     1957.44	     1190.63	  134.50	299.646201	  165.07	  -3.344e+09	  -1.637e+09	   1.062e+09	  0.647641	  0.510236	  0.141855	 -0.193774	  0.970736	  0.942612	 -0.272995	 -0.192239	  0.302257	  0.942298	  0.143928	3.875091e+14	-7.186188e+14	0.000000e+00	0.000000e+00	0.000000e+00
-43.5506	        47	3.819299e+10	     1270.40	      627.75	  138.08	284.428955	  162.63	  -4.579e+09	  -3.673e+09	   4.502e+08	  0.793765	  0.519193	  0.294577	 -0.025157	  0.955296	  0.939011	 -0.177988	 -0.294243	  0.177434	  0.983711	 -0.028809	5.050518e+14	-9.250553e+14	0.000000e+00	0.000000e+00	0.000000e+00
 55.4950	        68	5.525794e+10	      888.32	      530.94	  147.13	266.890046	  161.74	  -6.458e+09	  -7.762e+09	   5.736e+08	  0.755476	  0.471554	  0.347390	  0.037528	  0.936969	  0.933958	 -0.103274	 -0.342137	  0.083925	  0.993945	 -0.070926	7.227461e+14	-1.247864e+15	0.000000e+00	0.000000e+00	0.000000e+00
 70.7153	        90	7.313551e+10	      568.23	      268.83	  149.95	245.945939	  163.67	  -1.674e+09	  -8.477e+09	   -3.03e+08	  0.755287	  0.543661	  0.438199	 -0.056473	  0.897102	  0.884870	 -0.148404	 -0.441567	  0.158070	  0.987313	 -0.015060	9.795567e+14	-1.538957e+15	0.000000e+00	0.000000e+00	0.000000e+00
 90.1100	       113	9.182569e+10	      344.81	      135.83	  148.84	223.031713	  160.99	  -1.607e+09	  -9.113e+09	  -4.124e+09	  0.810095	  0.534318	  0.659122	 -0.108657	  0.744145	  0.742825	 -0.060328	 -0.666762	  0.117341	  0.992247	  0.040949	1.189943e+15	-1.796878e+15	0.000000e+00	0.000000e+00	0.000000e+00
114.8376	       129	1.048276e+11	      190.18	       45.64	  140.87	199.234143	  161.48	  -2.351e+09	  -1.049e+10	   1.319e+09	  0.717862	  0.476462	  0.628082	 -0.254751	  0.735265	  0.740695	 -0.093884	 -0.665250	  0.238503	  0.962438	  0.129726	1.366744e+15	-1.943780e+15	0.000000e+00	0.000000e+00	0.000000e+00
-20.3119	        11	8.938784e+09	     2930.63	     2930.63	   97.81	298.172700	  111.53	  -3.333e+08	   9.448e+08	  -4.167e+08	  0.635135	  0.601802	 -0.421567	  0.548481	  0.722115	  0.904865	  0.306400	  0.295531	 -0.059163	  0.778003	 -0.625469	5.558989e+13	-2.070143e+14	0.000000e+00	0.000000e+00	0.000000e+00
-25.1900	        18	1.462710e+10	     2514.25	     2055.36	  112.35	293.351682	  128.14	  -1.876e+09	   3.052e+08	   1.448e+08	  0.759865	  0.564739	 -0.601868	  0.657519	  0.453237	  0.165245	 -0.452722	  0.876206	  0.781313	  0.602255	  0.163828	1.200816e+14	-3.314301e+14	0.000000e+00	0.000000e+00	0.000000e+00
-31.2397	        24	1.950280e+10	     1757.58	      923.65	  116.50	282.350975	  133.11	  -1.351e+09	   5.914e+08	    4.78e+08	  0.825353	  0.528944	 -0.677456	  0.620551	  0.394929	  0.033558	 -0.510274	  0.859357	  0.734797	  0.595430	  0.324863	1.727892e+14	-4.336937e+14	0.000000e+00	0.000000e+00	0.000000e+00
-38.7422	        28	2.275327e+10	     1075.05	      322.84	  112.99	271.850364	  141.75	  -1.716e+09	   1.976e+09	  -8.562e+08	  0.843539	  0.591663	 -0.663693	  0.607645	  0.436210	 -0.216405	 -0.714208	  0.665640	  0.716017	  0.347382	  0.605512	2.285861e+14	-4.961674e+14	0.000000e+00	0.000000e+00	0.000000e+00
 48.0465	        39	3.169205e+10	      785.06	      465.46	  119.75	262.478092	  143.22	  -2.247e+08	   3.999e+09	  -4.761e+09	  0.640653	  0.602581	 -0.476881	  0.737125	  0.478781	 -0.317988	 -0.652495	  0.687847	  0.819432	  0.175775	  0.545559	3.250395e+14	-6.565133e+14	0.000000e+00	0.000000e+00	0.000000e+00
 59.5853	        47	3.819299e+10	      496.03	      177.48	  118.05	251.919849	  152.29	   3.605e+09	   1.057e+10	  -7.259e+09	  0.576118	  0.508913	 -0.616384	  0.688915	  0.381400	  0.786744	  0.559222	  0.261352	  0.033238	 -0.461157	  0.886696	4.428684e+14	-7.637302e+14	0.000000e+00	0.000000e+00	0.000000e+00
 73.8952	        73	5.932102e+10	      403.92	      302.41	  132.11	237.601795	  151.11	   5.716e+09	   1.242e+10	   -1.13e+10	  0.713894	  0.611429	 -0.416452	  0.837215	  0.354455	 -0.018051	 -0.397409	  0.917464	  0.908978	  0.375682	  0.180614	6.772547e+14	-1.081698e+15	0.000000e+00	0.000000e+00	0.000000e+00
 91.6419	       105	8.532476e+10	      304.60	      195.14	  142.27	220.192474	  151.64	    -4.9e+09	   6.302e+09	  -1.184e+10	  0.671468	  0.631658	 -0.454627	  0.847878	  0.272796	 -0.592083	 -0.516500	  0.618600	  0.665396	  0.119714	  0.736828	9.809568e+14	-1.420791e+15	0.000000e+00	0.000000e+00	0.000000e+00
113.6641	       129	1.048276e+11	      196.13	       76.67	  141.60	200.260057	  147.58	  -9.656e+09	   7.436e+09	  -1.072e+10	  0.713432	  0.586142	 -0.361460	  0.884770	  0.294156	 -0.531432	 -0.454725	  0.714706	  0.766111	  0.102014	  0.634560	1.141547e+15	-1.636287e+15	0.000000e+00	0.000000e+00	0.000000e+00
-15.8221	         8	6.500934e+09	     4509.44	     4509.44	   94.51	335.225903	  140.97	   1.922e+08	  -2.765e+07	  -2.713e+08	  0.000000	  0.000000	  0.000000	  0.000000	  0.000000	  0.000000	  0.000000	  0.000000	  0.000000	  0.000000	  0.000000	6.459943e+13	-1.856319e+14	0.000000e+00	0.000000e+00	0.000000e+00
-20.2800	        17	1.381448e+10	     4550.60	     4587.82	  121.69	324.235830	  176.41	   1.542e+09	   6.007e+08	  -3.502e+08	  0.907675	  0.789245	  0.850677	  0.220246	 -0.477326	 -0.000680	  0.908462	  0.417967	  0.525688	 -0.355231	  0.772957	2.149582e+14	-3.856378e+14	0.000000e+00	0.000000e+00	0.000000e+00
-25.9939	        25	2.031542e+10	     3177.95	     1936.61	  130.35	311.706405	  174.63	   2.962e+09	   1.195e+09	   2.518e+08	  0.875104	  0.644371	 -0.717754	  0.593251	  0.364530	 -0.312288	 -0.742191	  0.592982	  0.622338	  0.311777	  0.717976	3.097641e+14	-5.516916e+14	0.000000e+00	0.000000e+00	0.000000e+00
-33.3178	        33	2.681635e+10	     1992.09	      919.66	  132.28	299.173623	  175.57	   3.199e+09	   2.071e+09	   1.469e+09	  0.704411	  0.560789	  0.768343	 -0.543874	 -0.337418	 -0.156323	 -0.670682	  0.725086	  0.620655	  0.504368	  0.600333	4.132925e+14	-7.032816e+14	0.000000e+00	0.000000e+00	0.000000e+00
-42.7052	        47	3.819299e+10	     1347.35	      764.28	  139.44	282.356860	  176.36	   3.126e+09	   1.152e+09	   4.623e+09	  0.849922	  0.556702	  0.832839	 -0.401184	 -0.381353	 -0.004523	 -0.693876	  0.720081	  0.553496	  0.597987	  0.579702	5.939580e+14	-9.443730e+14	0.000000e+00	0.000000e+00	0.000000e+00
 54.7375	        63	5.119486e+10	      857.65	      414.79	  142.59	265.695946	  174.57	     4.5e+09	   5.422e+09	   7.105e+09	  0.780525	  0.569137	  0.692257	 -0.354120	 -0.628792	  0.202908	 -0.740660	  0.640509	  0.692538	  0.570984	  0.440873	7.800632e+14	-1.185244e+15	0.000000e+00	0.000000e+00	0.000000e+00
 70.1599	        95	7.719859e+10	      614.16	      393.96	  154.66	241.553154	  166.63	   1.346e+10	     3.9e+09	   8.211e+09	  0.836907	  0.710837	 -0.689610	 -0.046197	  0.722706	  0.169955	  0.959767	  0.223522	  0.703955	 -0.276971	  0.654014	1.071680e+15	-1.614669e+15	0.000000e+00	0.000000e+00	0.000000e+00
 89.9277	       114	9.263831e+10	      349.98	      111.08	  149.65	218.027803	  162.96	   1.501e+10	   4.225e+09	   6.709e+09	  0.861978	  0.727534	 -0.659623	 -0.287360	  0.694494	  0.051540	  0.904556	  0.423228	  0.749827	 -0.314965	  0.581856	1.229981e+15	-1.817487e+15	0.000000e+00	0.000000e+00	0.000000e+00
115.2786	       122	9.913924e+10	      177.80	       22.20	  136.73	193.382167	  162.31	   1.757e+10	   8.733e+09	   1.402e+10	  0.818707	  0.792149	  0.623465	  0.512061	 -0.590834	 -0.277021	  0.851338	  0.445514	  0.731130	 -0.114089	  0.672631	1.305861e+15	-1.887749e+15	0.000000e+00	0.000000e+00	0.000000e+00
-21.5476	         7	5.688317e+09	     1562.15	     1562.15	   75.76	288.382104	   82.65	  -3.685e+08	   4.531e+08	   -2.08e+07	  0.000000	  0.000000	  0.000000	  0.000000	  0.000000	  0.000000	  0.000000	  0.000000	  0.000000	  0.000000	  0.000000	1.942873e+13	-1.211123e+14	0.000000e+00	0.000000e+00	0.000000e+00
-26.5141	        10	8.126168e+09	     1197.81	      775.69	   81.63	283.581274	   85.50	   7.338e+07	   4.409e+08	   2.186e+08	  0.000000	  0.000000	  0.000000	  0.000000	  0.000000	  0.000000	  0.000000	  0.000000	  0.000000	  0.000000	  0.000000	2.970018e+13	-1.707579e+14	0.000000e+00	0.000000e+00	0.000000e+00
