#r(1)	npart(2)	M_in_r(3)	ovdens(4)	dens(5)	vcirc(6)	vesc(7)	sigv(8)	Lx(9)	Ly(10)	Lz(11)	b(12)	c(13)	Eax(14)	Eay(15)	Eaz(16)	Ebx(17)	Eby(18)	Ebz(19)	Ecx(20)	Ecy(21)	Ecz(22)	Ekin(23)	Epot(24)	M_gas(25)	M_star(26)	U_gas(27)	
 -3.8559	         7	5.688318e+09	    85343.18	    85343.18	   79.65	1171.039501	  370.10	  -2.688e+09	    -2.6e+09	  -1.558e+09	  0.000000	  0.000000	  0.000000	  0.000000	  0.000000	  0.000000	  0.000000	  0.000000	  0.000000	  0.000000	  0.000000	3.895705e+14	-1.952466e+15	0.000000e+00	0.000000e+00	0.000000e+00
 -4.7684	        16	1.300187e+10	   103147.75	   123126.58	  108.29	1169.500390	  372.13	  -4.135e+09	  -3.056e+09	  -4.516e+09	  0.856677	  0.505391	 -0.351031	 -0.098157	  0.931205	 -0.358732	  0.932710	 -0.036914	  0.864921	  0.347011	  0.362622	9.002507e+14	-4.456401e+15	0.000000e+00	0.000000e+00	0.000000e+00
 -5.8968	        24	1.950280e+10	    81812.57	    57871.98	  119.26	1167.180072	  355.37	  -6.701e+09	   -8.72e+08	   -1.11e+09	  0.769763	  0.606936	  0.023413	 -0.717668	  0.695992	 -0.713909	  0.475352	  0.514174	  0.699847	  0.508913	  0.501220	1.231496e+15	-6.674804e+15	0.000000e+00	0.000000e+00	0.000000e+00
 -7.2922	        46	3.738037e+10	    82915.48	    84153.08	  148.48	1163.865107	  386.71	  -5.098e+09	  -6.306e+09	   8.709e+09	  0.908667	  0.742737	 -0.134074	 -0.122936	  0.983316	 -0.596139	  0.802655	  0.019066	  0.791607	  0.583637	  0.180902	2.795029e+15	-1.274560e+16	0.000000e+00	0.000000e+00	0.000000e+00
 -9.0178	        86	6.988505e+10	    81968.17	    80905.18	  182.56	1158.760249	  390.91	  -8.272e+09	    9.01e+09	   2.341e+10	  0.934003	  0.887998	 -0.385199	  0.058175	  0.920998	 -0.418653	  0.878386	 -0.230582	  0.822406	  0.474398	  0.313998	5.339679e+15	-2.370947e+16	0.000000e+00	0.000000e+00	0.000000e+00
-11.1518	       155	1.259556e+11	    78117.35	    73796.28	  220.40	1151.184540	  399.02	   2.195e+10	   2.035e+09	   3.117e+10	  0.917448	  0.854135	  0.755357	 -0.651980	 -0.066006	 -0.412982	 -0.551816	  0.724531	  0.508803	  0.520020	  0.686075	1.002698e+16	-4.240671e+16	0.000000e+00	0.000000e+00	0.000000e+00
-13.7908	       235	1.909650e+11	    62625.71	    45242.27	  244.03	1141.178172	  396.14	   4.289e+10	  -9.275e+09	   4.078e+10	  0.927174	  0.857398	 -0.085901	  0.820511	 -0.565140	 -0.929489	  0.138227	  0.341971	  0.358708	  0.554667	  0.750782	1.498360e+16	-6.376589e+16	0.000000e+00	0.000000e+00	0.000000e+00
-17.0542	       379	3.079818e+11	    53406.37	    43061.17	  278.68	1127.873715	  411.28	   5.732e+10	   3.194e+10	   8.291e+10	  0.822203	  0.802618	  0.389961	  0.725401	 -0.567207	  0.911923	 -0.389699	  0.128571	  0.127774	  0.567387	  0.813478	2.604812e+16	-1.014644e+17	0.000000e+00	0.000000e+00	0.000000e+00
 21.0900	       534	4.339374e+11	    39789.10	    24508.91	  297.47	1112.319347	  424.20	   1.224e+11	   6.589e+10	   5.664e+10	  0.857954	  0.773253	  0.349639	  0.763820	 -0.542523	  0.934936	 -0.247131	  0.254600	  0.060394	 -0.596243	 -0.800529	3.904227e+16	-1.409594e+17	0.000000e+00	0.000000e+00	0.000000e+00
 26.0807	       730	5.932103e+11	    28761.71	    16387.68	  312.76	1094.556250	  448.88	   3.282e+11	   -5.88e+09	   -7.69e+10	  0.886876	  0.766945	  0.255779	  0.748917	 -0.611310	  0.943345	 -0.055097	  0.327207	  0.211369	 -0.660369	 -0.720580	5.976303e+16	-1.893795e+17	0.000000e+00	0.000000e+00	0.000000e+00
 32.2525	      1005	8.166799e+11	    20937.60	    12158.03	  330.00	1074.115533	  462.28	   5.021e+11	  -5.716e+10	  -1.551e+09	  0.862997	  0.762318	  0.430142	  0.722801	 -0.540866	  0.852287	 -0.127615	  0.507268	  0.297631	 -0.679170	 -0.670927	8.726474e+16	-2.550933e+17	0.000000e+00	0.000000e+00	0.000000e+00
 39.8847	      1388	1.127912e+12	    15290.42	     8953.61	  348.74	1051.121048	  477.81	   5.596e+11	   2.877e+09	  -1.668e+11	  0.809504	  0.729028	  0.449796	  0.743967	 -0.494162	  0.782603	 -0.061696	  0.619456	  0.430367	 -0.665362	 -0.609982	1.287518e+17	-3.428342e+17	0.000000e+00	0.000000e+00	0.000000e+00
 49.3231	      1925	1.564287e+12	    11213.20	     6638.08	  369.32	1024.883873	  487.29	   4.695e+11	  -2.554e+11	  -3.173e+11	  0.789198	  0.713879	  0.400554	  0.746156	 -0.531798	  0.824371	 -0.040123	  0.564626	  0.399962	 -0.664561	 -0.631181	1.857222e+17	-4.603152e+17	0.000000e+00	0.000000e+00	0.000000e+00
 60.9950	      2528	2.054295e+12	     7786.55	     3941.44	  380.58	995.218649	  494.90	   4.457e+11	  -6.023e+11	  -7.928e+11	  0.788777	  0.702591	  0.377642	  0.759068	 -0.530285	  0.868230	 -0.091244	  0.487700	  0.321813	 -0.644585	 -0.693503	2.515744e+17	-5.852393e+17	0.000000e+00	0.000000e+00	0.000000e+00
 75.4289	      3343	2.716578e+12	     5444.69	     2816.85	  393.56	962.833395	  501.60	    2.08e+11	  -2.385e+12	   -1.68e+12	  0.793416	  0.705384	  0.422661	  0.713954	 -0.558236	  0.818318	 -0.035917	  0.573642	  0.389504	 -0.699271	 -0.599422	3.417501e+17	-7.437453e+17	0.000000e+00	0.000000e+00	0.000000e+00
 93.2784	      4349	3.534071e+12	     3745.38	     1838.54	  403.66	926.908744	  509.32	  -2.907e+11	  -2.922e+12	  -2.071e+12	  0.799919	  0.710511	  0.444400	  0.698002	 -0.561518	  0.827172	 -0.079069	  0.556358	  0.343941	 -0.711718	 -0.612505	4.583816e+17	-9.262186e+17	0.000000e+00	0.000000e+00	0.000000e+00
115.3520	      5534	4.497021e+12	     2520.08	     1145.15	  409.47	888.232690	  510.46	  -1.967e+11	  -4.068e+12	  -2.583e+12	  0.794116	  0.706298	  0.410570	  0.713438	 -0.567837	  0.843608	 -0.060859	  0.533500	  0.346061	 -0.698071	 -0.626849	5.858839e+17	-1.124541e+18	0.000000e+00	0.000000e+00	0.000000e+00
142.6490	      6983	5.674503e+12	     1681.46	      740.43	  413.62	846.651861	  510.62	   -1.79e+12	  -7.978e+12	  -4.665e+12	  0.777076	  0.706511	  0.438866	  0.713855	 -0.545718	  0.805661	 -0.043689	  0.590763	  0.397877	 -0.698930	 -0.594298	7.397764e+17	-1.346025e+18	0.000000e+00	0.000000e+00	0.000000e+00
176.4056	      8756	7.115273e+12	     1114.86	      479.06	  416.49	802.325317	  507.74	  -5.337e+12	  -9.851e+12	  -7.415e+12	  0.775544	  0.719334	  0.450933	  0.705782	 -0.546380	  0.704678	  0.094190	  0.703248	  0.547803	 -0.702139	 -0.454875	9.171536e+17	-1.590371e+18	0.000000e+00	0.000000e+00	0.000000e+00
218.1504	     11096	9.016796e+12	      747.05	      334.32	  421.61	754.407540	  505.01	  -2.278e+13	  -5.818e+12	  -1.875e+13	  0.783972	  0.716447	  0.481095	  0.752365	 -0.449994	  0.362115	  0.296921	  0.883578	  0.798386	 -0.588035	 -0.129595	1.149808e+18	-1.878062e+18	0.000000e+00	0.000000e+00	0.000000e+00
269.7737	     14046	1.141402e+13	      500.04	      222.87	  426.57	701.942466	  501.31	   -7.26e+13	   1.726e+13	  -6.202e+13	  0.809590	  0.715623	  0.421714	  0.889639	 -0.175212	 -0.175323	  0.269593	  0.946880	  0.889617	 -0.368594	  0.269666	1.434236e+18	-2.195588e+18	0.000000e+00	0.000000e+00	0.000000e+00
333.6132	     17335	1.408671e+13	      326.32	      131.39	  426.14	644.350893	  494.77	   -1.14e+14	    4.28e+13	  -1.085e+14	  0.798922	  0.775556	  0.512468	  0.858146	  0.031002	  0.123109	 -0.109152	  0.986372	  0.849836	 -0.501668	 -0.161582	1.724189e+18	-2.499023e+18	0.000000e+00	0.000000e+00	0.000000e+00
412.5734	     20077	1.631491e+13	      199.82	       57.91	  412.39	583.217867	  482.90	  -1.378e+14	   4.505e+13	  -1.393e+14	  0.785244	  0.765176	  0.555467	  0.829970	 -0.051051	  0.256965	 -0.112941	  0.959799	  0.790838	 -0.546255	 -0.276008	1.902266e+18	-2.710232e+18	0.000000e+00	0.000000e+00	0.000000e+00
 -4.0513	         8	6.500935e+09	    84090.46	    84090.46	   83.07	874.169063	  153.59	   7.676e+08	   1.431e+08	   7.034e+08	  0.000000	  0.000000	  0.000000	  0.000000	  0.000000	  0.000000	  0.000000	  0.000000	  0.000000	  0.000000	  0.000000	7.667558e+13	-1.246982e+15	0.000000e+00	0.000000e+00	0.000000e+00
 -5.0883	        11	8.938785e+09	    58362.86	    32140.43	   86.92	872.628237	  150.78	   1.237e+09	   1.771e+08	   6.002e+08	  0.806729	  0.627505	  0.287518	 -0.649982	 -0.703461	  0.930348	  0.015025	  0.366369	 -0.227564	 -0.759801	  0.609030	1.016140e+14	-1.711826e+15	0.000000e+00	0.000000e+00	0.000000e+00
 -6.3906	        24	1.950280e+10	    64275.02	    70300.90	  114.56	870.211762	  270.91	  -5.253e+08	   3.326e+09	  -3.284e+07	  0.917250	  0.669765	  0.417280	  0.853173	  0.313006	 -0.578613	 -0.016168	  0.815442	  0.700774	 -0.521377	  0.486910	7.156916e+14	-3.718280e+15	0.000000e+00	0.000000e+00	0.000000e+00
 -8.0262	        40	3.250467e+10	    54072.71	    43674.17	  131.97	866.794912	  263.68	  -2.465e+09	   4.753e+09	  -3.536e+09	  0.848686	  0.674696	 -0.100449	  0.667180	  0.738092	  0.522353	  0.666745	 -0.531599	  0.846792	 -0.332146	  0.415478	1.129969e+15	-6.168899e+15	0.000000e+00	0.000000e+00	0.000000e+00
-10.0805	        57	4.631916e+10	    38893.78	    23422.90	  140.57	862.000050	  286.15	   5.987e+08	   8.295e+09	  -1.004e+10	  0.860772	  0.672799	  0.344928	  0.482572	  0.805077	  0.938163	 -0.150220	 -0.311904	 -0.029578	  0.862878	 -0.504546	1.896292e+15	-8.746920e+15	0.000000e+00	0.000000e+00	0.000000e+00
-12.6605	       106	8.613738e+10	    36508.86	    34078.07	  171.06	855.478156	  302.57	   3.748e+09	   1.331e+10	  -1.209e+10	  0.825984	  0.749818	  0.379658	  0.075482	  0.922042	  0.839128	 -0.447735	 -0.308864	  0.389517	  0.890975	 -0.233325	3.942860e+15	-1.609346e+16	0.000000e+00	0.000000e+00	0.000000e+00
-15.9010	       203	1.649612e+11	    35291.94	    34051.62	  211.23	845.695676	  309.41	    2.91e+10	   8.865e+09	  -2.439e+10	  0.790438	  0.727220	  0.259324	 -0.120557	  0.958237	  0.830413	 -0.478758	 -0.284965	  0.493118	  0.869630	 -0.024041	7.896378e+15	-3.033923e+16	0.000000e+00	0.000000e+00	0.000000e+00
-19.9708	       315	2.559743e+11	    27642.49	    19845.92	  234.78	832.316062	  329.20	   2.814e+10	   7.523e+10	  -7.562e+10	  0.854712	  0.808898	  0.198871	  0.019981	  0.979822	 -0.341200	  0.938654	  0.050110	  0.918713	  0.344281	 -0.193488	1.387034e+16	-4.635966e+16	0.000000e+00	0.000000e+00	0.000000e+00
 25.0822	       459	3.729911e+11	    20331.36	    12879.61	  252.89	815.769604	  343.24	  -5.519e+10	   2.193e+11	  -5.481e+10	  0.796599	  0.743657	 -0.000033	  0.004951	  0.999988	 -0.385154	  0.922841	 -0.004581	  0.922852	  0.385150	 -0.001877	2.197235e+16	-6.620690e+16	0.000000e+00	0.000000e+00	0.000000e+00
 31.5019	       653	5.306388e+11	    14600.04	     8758.49	  269.15	796.716757	  353.41	  -4.891e+10	   2.632e+11	   -8.23e+10	  0.788552	  0.722683	  0.040924	  0.058904	  0.997424	 -0.407462	  0.912465	 -0.037169	  0.912305	  0.404892	 -0.061343	3.313818e+16	-9.180976e+16	0.000000e+00	0.000000e+00	0.000000e+00
 39.5646	       937	7.614220e+11	    10574.69	     6471.92	  287.69	774.355744	  365.72	   2.169e+10	   5.409e+11	   8.136e+10	  0.838485	  0.734094	  0.001426	 -0.036137	  0.999346	 -0.417761	  0.907942	  0.033428	  0.908556	  0.417535	  0.013802	5.092188e+16	-1.273405e+17	0.000000e+00	0.000000e+00	0.000000e+00
 49.6911	      1280	1.040150e+12	     7291.64	     3945.44	  300.04	748.716795	  371.45	   2.342e+11	   1.047e+12	   1.546e+10	  0.828484	  0.705266	  0.042284	 -0.071548	  0.996540	 -0.417043	  0.905118	  0.082680	  0.907903	  0.419096	 -0.008434	7.175914e+16	-1.676714e+17	0.000000e+00	0.000000e+00	0.000000e+00
 62.4093	      1669	1.356257e+12	     4799.09	     2258.59	  305.71	719.986277	  376.39	   4.991e+11	   1.782e+12	    3.56e+11	  0.799453	  0.686481	  0.087416	 -0.175823	  0.980533	 -0.340850	  0.919611	  0.195286	  0.936045	  0.351286	 -0.020459	9.607194e+16	-2.103321e+17	0.000000e+00	0.000000e+00	0.000000e+00
 78.3827	      2224	1.807260e+12	     3227.93	     1626.56	  314.90	688.985373	  383.05	   8.767e+11	   2.907e+12	    5.58e+11	  0.802179	  0.655390	  0.085490	 -0.189215	  0.978207	 -0.307587	  0.928832	  0.206546	  0.947672	  0.318541	 -0.021206	1.325852e+17	-2.661631e+17	0.000000e+00	0.000000e+00	0.000000e+00
 98.4444	      2902	2.358214e+12	     2126.05	     1002.98	  320.97	654.566878	  389.81	   1.122e+12	   5.226e+12	   1.051e+12	  0.772519	  0.623433	  0.081637	 -0.207046	  0.974919	 -0.265289	  0.938381	  0.221501	  0.960707	  0.276718	 -0.021679	1.791653e+17	-3.283807e+17	0.000000e+00	0.000000e+00	0.000000e+00
123.6409	      3753	3.049751e+12	     1387.85	      635.45	  325.70	616.898752	  390.53	   8.636e+11	   9.401e+12	   2.232e+12	  0.746462	  0.600089	  0.107659	 -0.141093	  0.984125	 -0.211310	  0.964014	  0.161326	  0.971472	  0.225323	 -0.073971	2.325595e+17	-3.982516e+17	0.000000e+00	0.000000e+00	0.000000e+00
155.2863	      4752	3.861555e+12	      887.01	      376.53	  327.03	576.498778	  388.53	   -7.92e+11	   1.374e+13	   4.277e+12	  0.705401	  0.555937	  0.143658	 -0.121936	  0.982087	 -0.237549	  0.959118	  0.153832	  0.960694	  0.255392	 -0.108819	2.914616e+17	-4.702087e+17	0.000000e+00	0.000000e+00	0.000000e+00
195.0311	      6058	4.922833e+12	      570.78	      248.47	  329.48	532.002183	  386.79	  -5.175e+12	   2.031e+13	   6.082e+12	  0.675036	  0.531241	  0.153717	 -0.122120	  0.980540	 -0.198939	  0.968189	  0.151769	  0.967881	  0.218397	 -0.124533	3.682517e+17	-5.518477e+17	0.000000e+00	0.000000e+00	0.000000e+00
244.9486	      7276	5.912600e+12	      346.03	      116.97	  322.19	484.214404	  381.44	  -6.789e+12	   2.676e+13	   7.477e+12	  0.714475	  0.544558	  0.131358	 -0.150549	  0.979837	 -0.192839	  0.965640	  0.174220	  0.972398	  0.211836	 -0.097813	4.301348e+17	-6.159305e+17	0.000000e+00	0.000000e+00	0.000000e+00
307.6557	      8327	6.766660e+12	      199.87	       50.93	  307.55	434.956889	  371.37	  -5.247e+12	   3.211e+13	   8.487e+12	  0.697514	  0.558279	  0.085662	 -0.129874	  0.987823	 -0.296339	  0.943275	  0.149715	  0.951233	  0.305556	 -0.042316	4.666250e+17	-6.611453e+17	0.000000e+00	0.000000e+00	0.000000e+00
 -2.3633	         5	4.063084e+09	   264771.13	   264771.13	   85.99	726.361870	  195.01	  -2.133e+08	  -6.806e+08	   5.954e+08	  0.000000	  0.000000	  0.000000	  0.000000	  0.000000	  0.000000	  0.000000	  0.000000	  0.000000	  0.000000	  0.000000	7.725553e+13	-5.421656e+14	0.000000e+00	0.000000e+00	0.000000e+00
 -3.1034	         7	5.688318e+09	   163691.29	    83754.94	   88.78	720.878557	  217.98	  -6.982e+08	   8.052e+07	   2.067e+07	  0.000000	  0.000000	  0.000000	  0.000000	  0.000000	  0.000000	  0.000000	  0.000000	  0.000000	  0.000000	  0.000000	1.351398e+14	-7.548985e+14	0.000000e+00	0.000000e+00	0.000000e+00
 -4.0754	         7	5.688318e+09	    72285.71	        0.00	   77.48	720.878557	  217.98	  -6.982e+08	   8.052e+07	   2.067e+07	  0.000000	  0.000000	  0.000000	  0.000000	  0.000000	  0.000000	  0.000000	  0.000000	  0.000000	  0.000000	  0.000000	1.351398e+14	-7.548985e+14	0.000000e+00	0.000000e+00	0.000000e+00
 -5.3517	        11	8.938785e+09	    50161.91	    32665.87	   84.75	719.252868	  254.59	  -2.006e+09	   1.161e+08	  -1.232e+08	  0.527001	  0.185024	  0.826217	  0.045284	  0.561528	 -0.356751	  0.813488	  0.459310	 -0.435997	 -0.579816	  0.688273	2.896981e+14	-1.175870e+15	0.000000e+00	0.000000e+00	0.000000e+00
 -7.0277	        24	1.950280e+10	    48330.30	    46881.82	  109.25	716.155500	  297.85	  -7.936e+09	   2.951e+09	   -1.29e+09	  0.833692	  0.744432	 -0.585679	  0.808967	  0.050522	  0.101637	  0.011459	  0.994756	  0.804146	  0.587742	 -0.088932	8.651095e+14	-2.535927e+15	0.000000e+00	0.000000e+00	0.000000e+00
 -9.2287	        53	4.306869e+10	    47131.47	    46183.41	  141.67	709.589827	  289.53	  -1.166e+10	   3.925e+09	   5.644e+09	  0.896653	  0.801570	  0.923493	 -0.268949	 -0.273546	  0.353725	  0.321046	  0.878526	  0.148458	  0.908073	 -0.391618	1.805171e+15	-5.534263e+15	0.000000e+00	0.000000e+00	0.000000e+00
-12.1189	       112	9.101308e+10	    43982.52	    41492.25	  179.72	699.523770	  293.19	  -2.601e+10	   3.236e+09	  -5.323e+09	  0.816658	  0.760219	  0.840576	 -0.336193	 -0.424742	  0.220793	 -0.503372	  0.835385	  0.494654	  0.795984	  0.348893	3.911709e+15	-1.148584e+16	0.000000e+00	0.000000e+00	0.000000e+00
-15.9143	       197	1.600855e+11	    34162.94	    26397.38	  207.99	685.514493	  292.90	  -1.276e+10	   1.273e+10	  -6.584e+09	  0.912533	  0.808754	  0.927801	 -0.045399	 -0.370303	  0.283824	 -0.558306	  0.779575	  0.242135	  0.828392	  0.505112	6.866916e+15	-1.974405e+16	0.000000e+00	0.000000e+00	0.000000e+00
 20.8983	       297	2.413472e+11	    22744.29	    13714.14	  222.86	666.620829	  291.45	  -1.797e+10	    4.87e+10	      -3e+09	  0.926480	  0.755310	  0.886404	 -0.308533	 -0.345103	  0.230699	 -0.351899	  0.907163	  0.401331	  0.883727	  0.240747	1.025015e+16	-2.903046e+16	0.000000e+00	0.000000e+00	0.000000e+00
 27.4433	       457	3.713659e+11	    15454.64	     9689.82	  241.24	644.404342	  301.05	  -1.012e+10	  -2.035e+10	   3.191e+10	  0.934433	  0.767518	  0.729171	 -0.257661	 -0.633972	  0.595522	 -0.217487	  0.773339	  0.337140	  0.941441	  0.005143	1.682913e+16	-4.297913e+16	0.000000e+00	0.000000e+00	0.000000e+00
 36.0379	       688	5.590804e+11	    10274.44	     6177.81	  258.30	617.730339	  309.29	   2.625e+10	   -4.55e+10	   7.645e+10	  0.971849	  0.805401	 -0.639379	  0.196409	  0.743383	  0.638233	 -0.403588	  0.655573	  0.428780	  0.893611	  0.132691	2.674121e+16	-6.160060e+16	0.000000e+00	0.000000e+00	0.000000e+00
 47.3243	       959	7.792995e+11	     6324.34	     3200.51	  266.12	586.354236	  307.26	   5.401e+10	  -1.045e+11	     1.6e+11	  0.957966	  0.784655	 -0.563333	  0.147061	  0.813037	  0.726318	 -0.380928	  0.572150	  0.393850	  0.912834	  0.107777	3.678529e+16	-8.157245e+16	0.000000e+00	0.000000e+00	0.000000e+00
 62.1454	      1297	1.053964e+12	     3777.14	     1762.76	  270.07	552.177287	  308.35	   4.322e+09	   1.454e+10	   2.182e+11	  0.935258	  0.746193	  0.875110	 -0.285936	 -0.390414	  0.310884	 -0.286084	  0.906370	  0.370855	  0.914547	  0.161462	5.010532e+16	-1.037512e+17	0.000000e+00	0.000000e+00	0.000000e+00
 81.6081	      1718	1.396076e+12	     2209.40	      969.58	  271.24	514.812820	  305.81	   -3.15e+11	   5.173e+10	   1.554e+11	  0.941674	  0.765218	  0.943239	 -0.321525	 -0.083197	  0.034229	 -0.155060	  0.987312	  0.330346	  0.934119	  0.135253	6.528092e+16	-1.280100e+17	0.000000e+00	0.000000e+00	0.000000e+00
107.1661	      2201	1.788570e+12	     1249.96	      491.22	  267.91	474.744104	  301.17	  -5.868e+11	   6.477e+11	  -2.876e+11	  0.948191	  0.788255	  0.934247	 -0.324092	 -0.148820	  0.103214	 -0.153720	  0.982709	  0.341364	  0.933453	  0.110162	8.111410e+16	-1.520359e+17	0.000000e+00	0.000000e+00	0.000000e+00
140.7284	      2791	2.268014e+12	      699.95	      264.98	  263.27	432.024753	  290.58	  -1.666e+12	   1.172e+12	  -1.378e+12	  0.969441	  0.776396	  0.805431	 -0.339990	 -0.485476	  0.372467	 -0.346797	  0.860814	  0.461030	  0.874150	  0.152686	9.575492e+16	-1.766330e+17	0.000000e+00	0.000000e+00	0.000000e+00
184.8018	      3347	2.719828e+12	      370.67	      110.27	  251.58	388.257892	  285.15	  -1.631e+12	   1.841e+12	  -2.492e+12	  0.943751	  0.786906	  0.915994	 -0.400449	 -0.024381	 -0.019852	 -0.105938	  0.994175	  0.400699	  0.910174	  0.104988	1.105784e+17	-1.956363e+17	0.000000e+00	0.000000e+00	0.000000e+00
242.6917	      4088	3.321978e+12	      199.89	       64.88	  242.63	343.135004	  278.23	  -2.883e+12	   3.043e+12	  -5.571e+12	  0.897703	  0.740720	  0.904687	 -0.418602	 -0.079463	  0.004917	 -0.176230	  0.984337	  0.426049	  0.890907	  0.157375	1.285792e+17	-2.155968e+17	0.000000e+00	0.000000e+00	0.000000e+00
 -4.7930	         7	5.688318e+09	    44435.64	    44435.64	   71.44	495.942155	   67.81	  -4.617e+07	    9.23e+07	  -2.945e+08	  0.000000	  0.000000	  0.000000	  0.000000	  0.000000	  0.000000	  0.000000	  0.000000	  0.000000	  0.000000	  0.000000	1.307735e+13	-3.538212e+14	0.000000e+00	0.000000e+00	0.000000e+00
 -6.0442	        11	8.938785e+09	    34819.51	    25255.13	   79.75	494.443387	  140.55	  -2.191e+09	   1.064e+09	  -3.679e+08	  0.982484	  0.488875	 -0.401725	  0.758214	 -0.513545	 -0.634299	  0.174098	  0.753229	  0.660516	  0.628332	  0.410995	8.829145e+13	-5.529267e+14	0.000000e+00	0.000000e+00	0.000000e+00
 -7.6221	        20	1.625234e+10	    31568.69	    28335.36	   95.76	490.795711	  170.44	  -3.476e+09	   3.949e+09	   -1.34e+09	  0.803029	  0.711225	 -0.234778	 -0.394950	  0.888197	  0.045841	  0.908222	  0.415971	  0.970968	 -0.138377	  0.195125	2.360508e+14	-9.958044e+14	0.000000e+00	0.000000e+00	0.000000e+00
 -9.6119	        25	2.031542e+10	    19677.19	     7849.69	   95.34	486.679187	  175.44	  -4.729e+09	   4.447e+09	  -6.122e+07	  0.914768	  0.839726	  0.806860	  0.511972	  0.294723	  0.080491	 -0.589528	  0.803727	 -0.585233	  0.624773	  0.516876	3.126555e+14	-1.237609e+15	0.000000e+00	0.000000e+00	0.000000e+00
-12.1211	        40	3.250467e+10	    15699.28	    11742.77	  107.39	481.551001	  152.63	  -5.807e+09	   4.928e+09	  -1.656e+09	  0.703066	  0.693754	  0.714243	  0.295814	 -0.634312	 -0.682446	  0.495472	 -0.537377	  0.155320	  0.816702	  0.555764	3.786134e+14	-1.951406e+15	0.000000e+00	0.000000e+00	0.000000e+00
-15.2854	        53	4.306869e+10	    10372.71	     5074.80	  110.08	476.066607	  161.20	  -9.061e+09	   3.423e+08	  -8.294e+09	  0.913002	  0.789504	  0.440739	  0.584743	 -0.681047	 -0.877725	  0.439652	 -0.190537	  0.188008	  0.681749	  0.707015	5.595524e+14	-2.557026e+15	0.000000e+00	0.000000e+00	0.000000e+00
-19.2758	        81	6.582196e+10	     7904.92	     5450.43	  121.18	469.662013	  188.43	   -1.61e+10	  -1.527e+09	  -1.005e+10	  0.869071	  0.742004	  0.672829	  0.119863	 -0.730023	  0.644102	 -0.580323	  0.498356	  0.363914	  0.805517	  0.467662	1.168525e+15	-3.825605e+15	0.000000e+00	0.000000e+00	0.000000e+00
-24.3079	       131	1.064528e+11	     6375.01	     4853.32	  137.24	460.876899	  196.13	  -2.793e+10	   2.955e+09	  -2.522e+10	  0.823145	  0.659662	 -0.469862	 -0.381504	  0.796043	  0.761994	 -0.630545	  0.147575	  0.445641	  0.675920	  0.586973	2.047366e+15	-6.029703e+15	0.000000e+00	0.000000e+00	0.000000e+00
 30.6536	       190	1.543972e+11	     4610.62	     2855.73	  147.18	451.095420	  206.18	  -2.771e+10	    6.17e+09	  -5.868e+10	  0.833325	  0.654638	 -0.648081	 -0.106292	  0.754118	  0.597895	 -0.684344	  0.417367	  0.471713	  0.721371	  0.507061	3.281638e+15	-8.511303e+15	0.000000e+00	0.000000e+00	0.000000e+00
 38.6559	       285	2.315958e+11	     3448.63	     2292.90	  160.52	438.674171	  211.01	  -3.004e+10	   9.107e+09	   -7.48e+10	  0.900724	  0.667749	  0.808723	 -0.211127	 -0.548992	  0.207180	 -0.771293	  0.601817	  0.550494	  0.600443	  0.580022	5.156070e+15	-1.233252e+16	0.000000e+00	0.000000e+00	0.000000e+00
 48.7473	       407	3.307350e+11	     2455.80	     1468.31	  170.82	423.889416	  215.50	  -2.833e+10	  -4.398e+10	  -1.677e+11	  0.821905	  0.724608	  0.724666	  0.015355	 -0.688929	  0.456998	 -0.758982	  0.463788	  0.515763	  0.650931	  0.557025	7.679941e+15	-1.693854e+16	0.000000e+00	0.000000e+00	0.000000e+00
 61.4731	       573	4.656294e+11	     1724.05	      996.24	  180.49	406.381046	  219.86	  -6.393e+09	  -6.585e+10	  -2.269e+11	  0.847146	  0.723627	  0.730846	 -0.064956	 -0.679444	  0.486569	 -0.648522	  0.585380	  0.478659	  0.758419	  0.442364	1.125384e+16	-2.275555e+16	0.000000e+00	0.000000e+00	0.000000e+00
 77.5210	       779	6.330285e+11	     1168.77	      616.48	  187.40	386.543909	  221.70	   -1.88e+11	  -8.315e+10	  -3.917e+11	  0.841950	  0.736997	 -0.654365	  0.044355	  0.754877	  0.502088	 -0.720977	  0.477598	  0.565433	  0.691538	  0.449512	1.555638e+16	-2.933284e+16	0.000000e+00	0.000000e+00	0.000000e+00
 97.7583	      1042	8.467467e+11	      779.57	      392.47	  193.00	364.319431	  224.04	  -4.836e+11	  -4.461e+11	   -6.84e+11	  0.765861	  0.673864	  0.702727	 -0.086685	 -0.706159	  0.463999	 -0.696577	  0.547253	  0.539332	  0.712226	  0.449282	2.124988e+16	-3.684944e+16	0.000000e+00	0.000000e+00	0.000000e+00
123.2788	      1480	1.202673e+12	      552.14	      325.93	  204.83	338.168643	  224.90	  -1.543e+12	  -9.903e+11	  -1.035e+12	  0.661124	  0.556311	 -0.690558	  0.115444	  0.714005	  0.361598	 -0.799850	  0.479048	  0.626400	  0.588993	  0.510598	3.041560e+16	-4.782639e+16	0.000000e+00	0.000000e+00	0.000000e+00
155.4615	      1819	1.478150e+12	      338.39	      125.79	  202.22	308.097872	  223.53	  -2.387e+12	  -1.032e+12	  -1.566e+12	  0.637135	  0.538798	 -0.688257	  0.104242	  0.717938	  0.373022	 -0.797930	  0.473458	  0.622219	  0.593668	  0.510296	3.692765e+16	-5.506230e+16	0.000000e+00	0.000000e+00	0.000000e+00
196.0592	      2146	1.743876e+12	      199.03	       60.48	  195.58	276.605704	  220.40	   -3.48e+12	  -1.048e+12	  -1.755e+12	  0.647445	  0.568099	 -0.676976	  0.072081	  0.732467	 -0.298307	  0.882915	 -0.362594	  0.672843	  0.463967	  0.576209	4.235356e+16	-6.078598e+16	0.000000e+00	0.000000e+00	0.000000e+00
 -3.8705	         7	5.688318e+09	    84379.43	    84379.43	   79.50	493.494208	  147.81	  -2.047e+08	   9.213e+08	   2.989e+08	  0.000000	  0.000000	  0.000000	  0.000000	  0.000000	  0.000000	  0.000000	  0.000000	  0.000000	  0.000000	  0.000000	6.214035e+13	-3.506563e+14	0.000000e+00	0.000000e+00	0.000000e+00
 -5.0166	        10	8.126168e+09	    55363.74	    30717.24	   83.47	490.381309	  155.59	   3.031e+08	   1.413e+09	   7.011e+08	  0.000000	  0.000000	  0.000000	  0.000000	  0.000000	  0.000000	  0.000000	  0.000000	  0.000000	  0.000000	  0.000000	9.836126e+13	-4.980144e+14	0.000000e+00	0.000000e+00	0.000000e+00
 -6.5020	        16	1.300187e+10	    40684.81	    28216.23	   92.74	486.411636	  162.49	    9.96e+08	   2.087e+09	  -9.495e+08	  0.694582	  0.644240	 -0.496532	  0.666089	  0.556581	  0.826195	  0.166027	  0.538365	  0.266192	  0.727160	 -0.632757	1.716402e+14	-7.880972e+14	0.000000e+00	0.000000e+00	0.000000e+00
 -8.4272	        22	1.787757e+10	    25693.41	    12959.43	   95.52	481.701459	  171.59	   1.852e+07	   1.212e+09	  -3.025e+09	  0.894174	  0.584042	  0.912679	  0.259817	 -0.315454	 -0.217511	  0.962305	  0.163275	  0.345985	 -0.080403	  0.934789	2.631778e+14	-1.072859e+15	0.000000e+00	0.000000e+00	0.000000e+00
-10.9225	        34	2.762897e+10	    18237.48	    11904.27	  104.30	476.740156	  166.62	   1.231e+09	  -2.823e+09	   -3.48e+09	  0.833717	  0.750912	  0.143580	  0.966701	 -0.211833	  0.979910	 -0.108933	  0.167065	 -0.138427	  0.231564	  0.962921	3.835152e+14	-1.631126e+15	0.000000e+00	0.000000e+00	0.000000e+00
-14.1566	        62	5.038224e+10	    15274.41	    12757.52	  123.72	469.666818	  162.45	   1.258e+09	   6.031e+09	  -5.681e+09	  0.823396	  0.722680	 -0.346771	  0.889540	 -0.297435	  0.687987	  0.456766	  0.563949	 -0.637514	  0.009070	  0.770386	6.648200e+14	-2.904414e+15	0.000000e+00	0.000000e+00	0.000000e+00
-18.3483	        95	7.719860e+10	    10749.38	     6905.72	  134.52	460.589767	  177.63	  -1.731e+09	   4.155e+09	  -3.202e+09	  0.881356	  0.712722	 -0.733636	  0.432428	 -0.524199	  0.312951	  0.899727	  0.304227	 -0.603192	 -0.059143	  0.795400	1.217884e+15	-4.358008e+15	0.000000e+00	0.000000e+00	0.000000e+00
-23.7812	       142	1.153916e+11	     7379.64	     4517.31	  144.46	449.314304	  183.87	  -1.427e+10	   1.572e+09	  -8.388e+09	  0.827311	  0.755516	 -0.366148	  0.774698	 -0.515537	  0.924783	  0.364551	 -0.108995	 -0.103502	  0.516668	  0.849907	1.950673e+15	-6.333347e+15	0.000000e+00	0.000000e+00	0.000000e+00
 30.8228	       217	1.763378e+11	     5179.56	     3310.78	  156.86	435.951658	  195.81	   1.487e+09	   4.349e+10	   6.638e+09	  0.811256	  0.728896	 -0.434411	  0.833977	 -0.340249	 -0.166175	  0.297063	  0.940287	  0.885253	  0.465012	  0.009539	3.380610e+15	-9.324040e+15	0.000000e+00	0.000000e+00	0.000000e+00
 39.9494	       327	2.657257e+11	     3584.83	     2230.22	  169.13	419.546407	  194.99	  -1.954e+10	   2.745e+10	  -7.417e+10	  0.881999	  0.708757	 -0.300752	  0.930003	 -0.211289	  0.117854	  0.256090	  0.959442	  0.946392	  0.263653	 -0.186624	5.051770e+15	-1.342299e+16	0.000000e+00	0.000000e+00	0.000000e+00
 51.7783	       445	3.616145e+11	     2240.61	     1098.82	  173.31	400.712914	  197.19	  -1.191e+10	   3.533e+10	  -9.929e+10	  0.846028	  0.644577	 -0.305498	  0.882785	 -0.356877	  0.107695	  0.404424	  0.908209	  0.946083	  0.239022	 -0.218622	7.030396e+15	-1.745922e+16	0.000000e+00	0.000000e+00	0.000000e+00
 67.1097	       635	5.160117e+11	     1468.48	      812.61	  181.85	379.993684	  202.33	  -1.101e+11	  -4.474e+10	  -1.555e+11	  0.843683	  0.654091	 -0.253972	  0.904063	 -0.343757	  0.224004	  0.400726	  0.888392	  0.940915	  0.148624	 -0.304287	1.056251e+16	-2.332579e+16	0.000000e+00	0.000000e+00	0.000000e+00
 86.9807	       836	6.793477e+11	      887.95	      394.83	  183.27	356.503403	  205.52	  -4.952e+11	  -1.995e+11	  -2.151e+11	  0.861635	  0.672574	 -0.248372	  0.856372	 -0.452701	  0.427362	  0.516279	  0.742171	  0.869295	 -0.009132	 -0.494210	1.434712e+16	-2.885103e+16	0.000000e+00	0.000000e+00	0.000000e+00
112.7355	      1143	9.288210e+11	      557.59	      276.98	  188.24	330.526701	  209.48	  -1.287e+12	  -4.468e+11	  -1.975e+11	  0.904068	  0.780961	 -0.023597	  0.956855	 -0.289606	  0.591150	  0.246971	  0.767819	  0.806216	 -0.153082	 -0.571473	2.037960e+16	-3.620081e+16	0.000000e+00	0.000000e+00	0.000000e+00
146.1162	      1521	1.235990e+12	      340.79	      156.63	  190.73	300.861630	  212.49	  -2.765e+12	  -1.568e+12	  -1.571e+12	  0.877175	  0.846181	  0.338689	  0.762342	 -0.551475	  0.940797	 -0.282991	  0.186594	  0.013814	  0.582023	  0.813055	2.790307e+16	-4.385085e+16	0.000000e+00	0.000000e+00	0.000000e+00
189.3944	      1941	1.577289e+12	      199.70	       79.90	  189.25	267.721292	  212.81	  -5.014e+12	  -2.616e+12	  -5.064e+12	  0.765336	  0.704687	  0.590993	  0.629540	 -0.504388	 -0.805963	  0.434508	 -0.402028	 -0.033932	  0.644113	  0.764177	3.571686e+16	-5.080692e+16	0.000000e+00	0.000000e+00	0.000000e+00
 -7.7080	        10	8.126168e+09	    15262.50	    15262.50	   67.33	490.242357	  200.75	   6.829e+08	  -2.422e+09	   -1.03e+08	  0.000000	  0.000000	  0.000000	  0.000000	  0.000000	  0.000000	  0.000000	  0.000000	  0.000000	  0.000000	  0.000000	1.637395e+14	-4.915153e+14	0.000000e+00	0.000000e+00	0.000000e+00
 -9.5321	        17	1.381449e+10	    13719.34	    11987.83	   78.95	488.298295	  180.29	   2.327e+09	  -3.868e+09	   7.103e+08	  0.937199	  0.658425	 -0.082658	  0.616569	  0.782950	  0.149731	  0.784404	 -0.601906	  0.985266	 -0.067479	  0.157157	2.245287e+14	-8.322398e+14	0.000000e+00	0.000000e+00	0.000000e+00
-11.7879	        28	2.275327e+10	    11948.17	     9960.80	   91.11	485.837271	  194.31	   1.379e+09	  -8.595e+09	   1.398e+09	  0.929522	  0.725778	  0.300041	  0.924686	 -0.234375	 -0.252888	  0.314007	  0.915121	  0.919795	 -0.215303	  0.328057	4.295282e+14	-1.361746e+15	0.000000e+00	0.000000e+00	0.000000e+00
-14.5775	        64	5.200748e+10	    14440.49	    17237.04	  123.87	480.681606	  207.22	  -8.543e+09	    -4.9e+09	   1.033e+09	  0.941157	  0.911489	  0.105721	  0.892601	 -0.438276	  0.860874	 -0.302758	 -0.408941	  0.497713	  0.334067	  0.800425	1.116636e+15	-3.069637e+15	0.000000e+00	0.000000e+00	0.000000e+00
-18.0273	       109	8.857523e+10	    13004.31	    11392.83	  145.36	472.909155	  210.18	    -1.1e+10	   2.344e+09	   1.735e+10	  0.840153	  0.737779	  0.244103	  0.881404	 -0.404402	  0.969680	 -0.226832	  0.090928	  0.011587	  0.414336	  0.910050	1.956373e+15	-5.143440e+15	0.000000e+00	0.000000e+00	0.000000e+00
-22.2934	       160	1.300187e+11	    10093.45	     6827.28	  158.37	462.241716	  212.43	  -2.169e+10	   1.407e+09	  -7.189e+09	  0.853468	  0.796772	  0.078968	  0.868661	 -0.489072	 -0.942971	  0.224236	  0.246016	  0.323372	  0.441754	  0.836830	2.933768e+15	-7.410114e+15	0.000000e+00	0.000000e+00	0.000000e+00
 27.5692	       232	1.885271e+11	     7738.67	     5096.47	  171.49	449.470837	  214.20	  -6.848e+10	   4.316e+10	  -1.997e+10	  0.795638	  0.744888	  0.447081	  0.774841	 -0.446923	  0.863930	 -0.244552	  0.440250	  0.231828	 -0.582937	 -0.778743	4.325079e+15	-1.045177e+16	0.000000e+00	0.000000e+00	0.000000e+00
 34.0934	       320	2.600374e+11	     5644.00	     3293.66	  181.11	434.340093	  212.63	  -1.086e+11	   6.838e+10	  -1.322e+10	  0.760719	  0.692851	  0.602350	  0.725142	 -0.333682	  0.443402	  0.043645	  0.895260	  0.663754	 -0.687215	 -0.295240	5.878112e+15	-1.394492e+16	0.000000e+00	0.000000e+00	0.000000e+00
 42.1617	       438	3.559262e+11	     4084.80	     2335.27	  190.54	416.941823	  208.64	  -2.141e+11	   1.369e+11	  -3.012e+10	  0.779963	  0.701304	  0.567670	  0.758846	 -0.319224	  0.486579	  0.003516	  0.873630	  0.664072	 -0.651261	 -0.367243	7.746964e+15	-1.829805e+16	0.000000e+00	0.000000e+00	0.000000e+00
 52.1393	       552	4.485645e+11	     2722.04	     1192.94	  192.35	397.933273	  208.88	  -3.331e+11	   2.704e+11	  -3.745e+10	  0.749902	  0.667676	  0.507939	  0.828715	 -0.235011	  0.454031	 -0.025722	  0.890614	  0.732020	 -0.559080	 -0.389328	9.785859e+15	-2.215043e+16	0.000000e+00	0.000000e+00	0.000000e+00
 64.4781	       679	5.517668e+11	     1770.45	      702.71	  191.84	377.488717	  206.92	  -4.859e+11	   3.726e+11	  -1.148e+11	  0.739353	  0.643067	  0.547225	  0.792876	 -0.268127	  0.495168	 -0.048409	  0.867448	  0.674799	 -0.607457	 -0.419097	1.181251e+16	-2.602815e+16	0.000000e+00	0.000000e+00	0.000000e+00
 79.7368	       804	6.533439e+11	     1108.48	      365.71	  187.72	356.897111	  206.62	   -6.49e+11	   5.587e+11	  -2.329e+11	  0.746381	  0.690149	  0.542685	  0.797492	 -0.263627	  0.423391	  0.011342	  0.905876	  0.725419	 -0.603222	 -0.331496	1.394672e+16	-2.944745e+16	0.000000e+00	0.000000e+00	0.000000e+00
 98.6066	       960	7.801121e+11	      699.85	      241.33	  184.46	335.713307	  205.73	  -7.985e+11	   7.411e+11	  -4.551e+11	  0.774886	  0.713360	  0.518766	  0.803349	 -0.292423	  0.159778	  0.244917	  0.956288	  0.839853	 -0.542813	 -0.001303	1.650869e+16	-3.323787e+16	0.000000e+00	0.000000e+00	0.000000e+00
121.9420	      1167	9.483238e+11	      449.84	      169.32	  182.88	313.710207	  206.30	  -1.165e+12	   1.219e+12	  -1.036e+12	  0.770673	  0.686670	  0.624720	  0.732757	 -0.269798	  0.260426	  0.130213	  0.956673	  0.736140	 -0.667915	 -0.109482	2.017927e+16	-3.765506e+16	0.000000e+00	0.000000e+00	0.000000e+00
150.7996	      1468	1.192921e+12	      299.21	      130.19	  184.45	289.965136	  205.10	  -1.339e+12	   1.473e+12	  -2.661e+12	  0.741936	  0.666168	  0.680866	  0.711531	 -0.173624	  0.321439	 -0.077293	  0.943770	  0.658102	 -0.698391	 -0.281340	2.508965e+16	-4.321456e+16	0.000000e+00	0.000000e+00	0.000000e+00
186.5000	      1852	1.504966e+12	      199.55	       87.78	  186.29	263.464275	  202.69	  -1.821e+12	   2.246e+12	  -4.735e+12	  0.783310	  0.705154	  0.684268	  0.703406	 -0.192345	  0.259504	  0.011618	  0.965672	  0.681494	 -0.710693	 -0.174587	3.091536e+16	-4.921495e+16	0.000000e+00	0.000000e+00	0.000000e+00
 -4.0018	         7	5.688318e+09	    76342.79	    76342.79	   78.19	519.812897	  145.64	  -5.787e+08	   2.448e+08	   7.787e+06	  0.000000	  0.000000	  0.000000	  0.000000	  0.000000	  0.000000	  0.000000	  0.000000	  0.000000	  0.000000	  0.000000	6.033080e+13	-3.898703e+14	0.000000e+00	0.000000e+00	0.000000e+00
 -5.1626	        10	8.126168e+09	    50797.22	    28525.39	   82.28	518.827602	  146.62	  -5.314e+08	  -1.327e+07	  -1.164e+09	  0.000000	  0.000000	  0.000000	  0.000000	  0.000000	  0.000000	  0.000000	  0.000000	  0.000000	  0.000000	  0.000000	8.735133e+13	-5.542745e+14	0.000000e+00	0.000000e+00	0.000000e+00
 -6.6601	        19	1.543972e+10	    44953.50	    39858.67	   99.85	514.817785	  168.55	   1.115e+09	  -1.042e+09	  -2.731e+07	  0.883572	  0.669903	  0.330317	  0.937754	 -0.107278	 -0.559592	  0.286094	  0.777822	  0.760097	 -0.196896	  0.619261	2.193113e+14	-1.042392e+15	0.000000e+00	0.000000e+00	0.000000e+00
 -8.5919	        31	2.519112e+10	    34161.86	    24753.20	  112.29	509.343154	  188.51	   4.228e+09	   1.951e+08	  -2.019e+09	  0.914714	  0.661975	 -0.530645	  0.300074	  0.792699	  0.073822	  0.948042	 -0.309461	  0.844373	  0.105695	  0.525226	4.476087e+14	-1.681988e+15	0.000000e+00	0.000000e+00	0.000000e+00
-11.0841	        59	4.794439e+10	    30283.20	    26901.60	  136.39	501.486185	  198.13	    4.97e+09	    3.66e+09	  -2.448e+09	  0.804861	  0.676414	  0.229736	 -0.492353	  0.839530	  0.917573	 -0.178010	 -0.355489	  0.324471	  0.851998	  0.410874	9.410077e+14	-3.133642e+15	0.000000e+00	0.000000e+00	0.000000e+00
-14.2991	        96	7.801121e+10	    22950.44	    16557.39	  153.18	490.857624	  197.01	  -7.165e+08	   5.771e+09	   2.364e+09	  0.796403	  0.649315	 -0.002371	 -0.418740	  0.908103	  0.973355	 -0.209188	 -0.093918	  0.229292	  0.883684	  0.408079	1.513846e+15	-4.986042e+15	0.000000e+00	0.000000e+00	0.000000e+00
-18.4468	       145	1.178294e+11	    16145.73	    10213.06	  165.74	477.642065	  197.50	  -2.505e+09	   2.406e+10	    7.28e+09	  0.839631	  0.744268	 -0.158711	 -0.406011	  0.899981	  0.958197	 -0.283119	  0.041253	  0.238053	  0.868907	  0.433973	2.298040e+15	-7.321137e+15	0.000000e+00	0.000000e+00	0.000000e+00
 23.7974	       208	1.690243e+11	    10787.55	     6116.04	  174.77	461.919997	  199.33	   7.449e+09	   4.734e+10	   1.707e+10	  0.835959	  0.633328	  0.331541	 -0.392080	  0.858110	  0.932204	 -0.003820	 -0.361914	  0.145177	  0.919923	  0.364232	3.357829e+15	-1.014096e+16	0.000000e+00	0.000000e+00	0.000000e+00
 30.7001	       295	2.397220e+11	     7126.09	     3933.86	  183.25	443.554942	  203.50	   5.853e+10	   1.071e+11	   8.824e+09	  0.879140	  0.668447	  0.051400	 -0.411270	  0.910063	  0.969805	 -0.196981	 -0.143792	  0.238402	  0.889975	  0.388727	4.963569e+15	-1.376713e+16	0.000000e+00	0.000000e+00	0.000000e+00
 39.6050	       398	3.234215e+11	     4477.98	     2169.24	  187.40	423.061694	  210.26	   1.302e+11	   1.725e+11	   4.045e+10	  0.991813	  0.741935	  0.163876	 -0.325311	  0.931299	  0.954813	 -0.184976	 -0.232627	  0.247944	  0.927339	  0.280298	7.148924e+15	-1.770456e+16	0.000000e+00	0.000000e+00	0.000000e+00
 51.0928	       535	4.347500e+11	     2803.65	     1343.88	  191.30	400.985567	  208.93	   2.218e+11	   2.927e+11	   7.342e+10	  0.975826	  0.700484	  0.519836	 -0.433143	  0.736314	 -0.792411	  0.077520	  0.605042	  0.319149	  0.897986	  0.302929	9.488347e+15	-2.243070e+16	0.000000e+00	0.000000e+00	0.000000e+00
 65.9129	       724	5.883346e+11	     1767.17	      863.52	  195.93	376.362269	  211.42	   3.349e+11	   5.702e+11	   9.887e+10	  0.890289	  0.723608	  0.579917	 -0.406174	  0.706201	 -0.768085	  0.016351	  0.640139	  0.271555	  0.913650	  0.302493	1.314939e+16	-2.822192e+16	0.000000e+00	0.000000e+00	0.000000e+00
 85.0316	       937	7.614220e+11	     1065.24	      453.27	  196.24	349.477801	  209.80	   4.903e+11	   9.638e+11	   1.303e+11	  0.894639	  0.710676	  0.712477	 -0.392615	  0.581575	 -0.650679	 -0.059412	  0.757025	  0.262667	  0.917782	  0.297796	1.675767e+16	-3.390492e+16	0.000000e+00	0.000000e+00	0.000000e+00
109.6958	      1187	9.645762e+11	      628.54	      247.79	  194.46	320.889649	  205.88	   6.034e+11	   1.688e+12	   5.423e+10	  0.902363	  0.706681	  0.871118	 -0.385285	  0.304481	 -0.400121	 -0.197405	  0.894950	  0.284705	  0.901436	  0.326123	2.044224e+16	-3.960262e+16	0.000000e+00	0.000000e+00	0.000000e+00
141.5143	      1445	1.174231e+12	      356.38	      119.11	  188.91	290.249787	  202.69	   6.782e+11	   2.645e+12	  -4.108e+10	  0.938640	  0.732070	  0.851122	 -0.359992	  0.382095	 -0.495764	 -0.311803	  0.810554	  0.172654	  0.879309	  0.443853	2.411984e+16	-4.450867e+16	0.000000e+00	0.000000e+00	0.000000e+00
182.5755	      1741	1.414766e+12	      199.95	       63.62	  182.55	258.177951	  198.26	   1.173e+12	   3.939e+12	  -3.979e+11	  0.962678	  0.753246	  0.856082	 -0.234371	  0.460646	 -0.515744	 -0.329354	  0.790907	  0.033650	  0.914656	  0.402830	2.780452e+16	-4.903165e+16	0.000000e+00	0.000000e+00	0.000000e+00
