#r(1)	npart(2)	M_in_r(3)	ovdens(4)	dens(5)	vcirc(6)	vesc(7)	sigv(8)	Lx(9)	Ly(10)	Lz(11)	b(12)	c(13)	Eax(14)	Eay(15)	Eaz(16)	Ebx(17)	Eby(18)	Ebz(19)	Ecx(20)	Ecy(21)	Ecz(22)	Ekin(23)	Epot(24)	M_gas(25)	M_star(26)	U_gas(27)	
 -2.8958	         4	3.250438e+09	   115135.16	   115135.16	   69.48	1045.433041	  260.96	   1.703e+08	   -1.21e+08	  -5.842e+08	  0.000000	  0.000000	  0.000000	  0.000000	  0.000000	  0.000000	  0.000000	  0.000000	  0.000000	  0.000000	  0.000000	1.106748e+14	-8.907045e+14	0.000000e+00	0.000000e+00	0.000000e+00
 -3.6822	         9	7.313486e+09	   125998.20	   136285.04	   92.42	1044.136447	  264.49	   1.003e+09	   4.394e+08	  -6.652e+08	  0.000000	  0.000000	  0.000000	  0.000000	  0.000000	  0.000000	  0.000000	  0.000000	  0.000000	  0.000000	  0.000000	2.558033e+14	-1.999066e+15	0.000000e+00	0.000000e+00	0.000000e+00
 -4.6822	        16	1.300175e+10	   108947.10	    92800.45	  109.28	1041.921073	  256.05	  -1.796e+08	   2.338e+08	  -1.871e+09	  0.765721	  0.545443	 -0.258413	  0.966030	  0.003052	  0.897174	  0.238821	  0.371543	 -0.358193	 -0.098750	  0.928411	4.261920e+14	-3.546178e+15	0.000000e+00	0.000000e+00	0.000000e+00
 -5.9538	        32	2.600351e+10	   105978.94	   103168.21	  137.05	1037.876931	  309.76	  -3.451e+09	   2.913e+09	  -1.698e+09	  0.807553	  0.707394	  0.465387	  0.837587	  0.286116	  0.861447	 -0.502871	  0.070925	 -0.203285	 -0.213466	  0.955566	1.247518e+15	-7.063530e+15	0.000000e+00	0.000000e+00	0.000000e+00
 -7.5707	        54	4.388092e+10	    86983.57	    68995.77	  157.88	1033.361960	  329.02	    4.78e+09	   6.477e+09	  -5.129e+08	  0.894028	  0.711696	 -0.122272	  0.931279	  0.343174	  0.840371	 -0.086815	  0.535013	 -0.528039	 -0.353811	  0.772005	2.375105e+15	-1.185541e+16	0.000000e+00	0.000000e+00	0.000000e+00
 -9.6267	        98	7.963574e+10	    76779.17	    67116.04	  188.62	1026.102218	  342.96	   1.088e+09	   1.209e+10	  -1.083e+10	  0.834240	  0.707932	 -0.092954	  0.850183	  0.518216	  0.506657	 -0.407656	  0.759681	  0.857122	  0.333173	 -0.392858	4.683441e+15	-2.133998e+16	0.000000e+00	0.000000e+00	0.000000e+00
-12.2410	       166	1.348932e+11	    63255.65	    50449.45	  217.70	1016.755755	  371.36	  -2.348e+10	    5.07e+10	  -3.044e+10	  0.876967	  0.852925	  0.152774	  0.740586	  0.654365	  0.880733	 -0.402389	  0.249786	 -0.448297	 -0.538160	  0.713732	9.301382e+15	-3.574731e+16	0.000000e+00	0.000000e+00	0.000000e+00
-15.5654	       279	2.267181e+11	    51709.37	    40775.55	  250.28	1003.848084	  392.99	  -4.666e+10	   2.173e+10	  -3.677e+10	  0.946751	  0.848974	 -0.245173	  0.634755	  0.732787	  0.320106	  0.766468	 -0.556830	  0.915108	 -0.098050	  0.391106	1.750708e+16	-5.915468e+16	0.000000e+00	0.000000e+00	0.000000e+00
 19.7926	       428	3.477969e+11	    38581.82	    26150.59	  274.90	987.550021	  410.12	  -1.029e+11	   3.006e+10	  -2.277e+10	  0.919853	  0.796055	  0.012894	  0.634331	  0.772954	  0.429742	  0.694470	 -0.577091	  0.902860	 -0.339612	  0.263644	2.924949e+16	-8.911591e+16	0.000000e+00	0.000000e+00	0.000000e+00
 25.1677	       636	5.168197e+11	    27884.95	    17755.48	  297.18	967.527086	  427.59	  -7.983e+10	   -2.11e+10	  -8.382e+10	  0.913425	  0.783325	 -0.100649	  0.135825	  0.985607	  0.136995	  0.983094	 -0.121489	  0.985445	 -0.122796	  0.117555	4.724624e+16	-1.294159e+17	0.000000e+00	0.000000e+00	0.000000e+00
 32.0027	       914	7.427251e+11	    19490.94	    11542.18	  315.93	943.753369	  439.25	  -4.431e+10	  -8.793e+10	  -1.677e+11	  0.872595	  0.758939	 -0.109275	  0.105883	  0.988356	  0.208450	  0.974642	 -0.081367	  0.971909	 -0.197132	  0.128575	7.165230e+16	-1.810282e+17	0.000000e+00	0.000000e+00	0.000000e+00
 40.6938	      1310	1.064518e+12	    13587.26	     7996.72	  335.41	916.559087	  453.26	   1.084e+10	   -1.47e+11	   -1.47e+11	  0.823848	  0.670770	 -0.221855	  0.115502	  0.968215	  0.107952	  0.989765	 -0.093337	  0.969085	 -0.083814	  0.232053	1.093475e+17	-2.505313e+17	0.000000e+00	0.000000e+00	0.000000e+00
 51.7452	      1844	1.498452e+12	     9302.41	     5244.84	  352.90	884.657682	  458.56	  -1.412e+11	  -3.351e+11	   9.995e+10	  0.797100	  0.660689	 -0.208629	  0.066485	  0.975732	  0.098133	  0.994075	 -0.046752	  0.973059	 -0.085998	  0.213917	1.575470e+17	-3.385658e+17	0.000000e+00	0.000000e+00	0.000000e+00
 65.7980	      2505	2.035587e+12	     6146.33	     3157.67	  364.76	848.851146	  461.58	  -6.119e+11	  -6.397e+11	   2.415e+11	  0.811935	  0.655911	 -0.217022	  0.086353	  0.972340	  0.116314	  0.991271	 -0.062074	  0.969212	 -0.099626	  0.225172	2.168459e+17	-4.394433e+17	0.000000e+00	0.000000e+00	0.000000e+00
 83.6671	      3365	2.734431e+12	     4015.76	     1998.19	  374.91	809.030871	  458.77	  -1.089e+12	  -1.227e+12	   7.693e+11	  0.798938	  0.634828	 -0.239072	  0.073843	  0.968190	  0.153417	  0.987452	 -0.037429	  0.958805	 -0.139589	  0.247401	2.877538e+17	-5.595334e+17	0.000000e+00	0.000000e+00	0.000000e+00
106.3890	      4566	3.710375e+12	     2650.28	     1357.24	  387.28	765.017281	  450.28	  -2.648e+12	  -3.572e+12	   1.971e+12	  0.765110	  0.605715	 -0.246425	  0.077806	  0.966034	  0.179235	  0.983237	 -0.033471	  0.952444	 -0.164899	  0.256240	3.761502e+17	-7.100474e+17	0.000000e+00	0.000000e+00	0.000000e+00
135.2816	      5871	4.770831e+12	     1657.46	      717.29	  389.44	715.605693	  444.36	  -4.475e+12	  -4.282e+12	   4.085e+12	  0.737216	  0.571241	 -0.224234	  0.076349	  0.971540	  0.262692	  0.964760	 -0.015186	  0.938463	 -0.251811	  0.236388	4.710189e+17	-8.557735e+17	0.000000e+00	0.000000e+00	0.000000e+00
172.0207	      7087	5.758964e+12	      973.12	      325.08	  379.44	663.933761	  439.92	   -8.65e+12	  -7.917e+12	   6.393e+12	  0.721023	  0.579156	 -0.208227	  0.149352	  0.966610	  0.275775	  0.957141	 -0.088481	  0.938397	 -0.248143	  0.240490	5.572605e+17	-9.734776e+17	0.000000e+00	0.000000e+00	0.000000e+00
218.7372	      8429	6.849486e+12	      562.93	      174.50	  366.97	611.723172	  432.58	  -1.466e+13	  -1.571e+13	   1.037e+13	  0.702423	  0.622409	 -0.167561	  0.220122	  0.960973	  0.213382	  0.959746	 -0.182634	  0.962492	 -0.174452	  0.207786	6.408620e+17	-1.083864e+18	0.000000e+00	0.000000e+00	0.000000e+00
278.1408	     10249	8.328435e+12	      332.91	      115.10	  358.85	557.781709	  421.79	  -2.067e+13	  -3.068e+13	    1.72e+13	  0.699494	  0.634022	 -0.151941	  0.248465	  0.956650	  0.105603	  0.966428	 -0.234232	  0.982732	 -0.065435	  0.173078	7.408598e+17	-1.209741e+18	0.000000e+00	0.000000e+00	0.000000e+00
353.6906	     12659	1.028682e+13	      199.97	       74.11	  353.67	500.171826	  408.43	  -3.437e+13	  -6.175e+13	   3.086e+13	  0.695553	  0.638302	 -0.164556	  0.269239	  0.948911	 -0.197646	  0.933514	 -0.299145	  0.966363	  0.236775	  0.100402	8.580098e+17	-1.346527e+18	0.000000e+00	0.000000e+00	0.000000e+00
 -2.9489	         4	3.250438e+09	   109029.96	   109029.96	   68.85	771.965345	  155.91	  -4.403e+07	  -3.194e+08	  -3.647e+08	  0.000000	  0.000000	  0.000000	  0.000000	  0.000000	  0.000000	  0.000000	  0.000000	  0.000000	  0.000000	  0.000000	3.950650e+13	-4.863073e+14	0.000000e+00	0.000000e+00	0.000000e+00
 -3.7551	         8	6.500876e+09	   105599.70	   102378.71	   86.29	769.841811	  181.43	    7.27e+08	   5.127e+08	  -1.853e+08	  0.000000	  0.000000	  0.000000	  0.000000	  0.000000	  0.000000	  0.000000	  0.000000	  0.000000	  0.000000	  0.000000	1.069912e+14	-9.688757e+14	0.000000e+00	0.000000e+00	0.000000e+00
 -4.7818	        14	1.137653e+10	    89492.70	    74368.28	  101.15	767.742186	  183.30	   1.788e+09	   7.518e+08	  -5.799e+08	  0.877577	  0.768575	 -0.247189	  0.960792	  0.125602	 -0.519075	 -0.240758	  0.820120	  0.818204	  0.137528	  0.558236	1.911195e+14	-1.688777e+15	0.000000e+00	0.000000e+00	0.000000e+00
 -6.0893	        20	1.625219e+10	    61912.23	    36014.27	  107.14	764.038370	  196.62	   3.721e+09	    1.05e+09	   1.646e+09	  0.823478	  0.686361	 -0.560986	 -0.187662	  0.806274	 -0.163959	  0.979860	  0.113985	  0.811426	  0.068252	  0.580457	3.141388e+14	-2.403844e+15	0.000000e+00	0.000000e+00	0.000000e+00
 -7.7542	        41	3.331699e+10	    61463.48	    61042.11	  135.93	759.487245	  220.19	   6.871e+09	   6.888e+09	   4.715e+09	  0.849701	  0.713632	  0.525507	  0.810189	 -0.259686	  0.555680	 -0.557980	 -0.616342	  0.644253	 -0.179589	  0.743428	8.076915e+14	-4.879956e+15	0.000000e+00	0.000000e+00	0.000000e+00
 -9.8744	        71	5.769528e+10	    51544.04	    42229.73	  158.52	752.229045	  228.37	   2.007e+08	   1.252e+10	  -1.647e+09	  0.859649	  0.758894	  0.621125	  0.780544	 -0.070384	  0.750747	 -0.566822	  0.339253	 -0.224907	  0.263559	  0.938058	1.504468e+15	-8.365575e+15	0.000000e+00	0.000000e+00	0.000000e+00
-12.5742	       108	8.776183e+10	    37969.14	    25222.36	  173.25	743.372613	  234.91	  -4.455e+09	   1.952e+10	   5.961e+09	  0.917438	  0.725195	 -0.029534	  0.827514	 -0.560668	  0.882586	  0.284896	  0.374000	 -0.469223	  0.483792	  0.738766	2.421390e+15	-1.256695e+16	0.000000e+00	0.000000e+00	0.000000e+00
-16.0122	       186	1.511454e+11	    31666.99	    25749.30	  201.48	731.488600	  244.24	  -4.477e+09	   4.869e+10	   9.505e+09	  0.932812	  0.771285	 -0.289516	  0.711037	 -0.640787	  0.939016	  0.340765	 -0.046136	 -0.185554	  0.615066	  0.766331	4.508225e+15	-2.118370e+16	0.000000e+00	0.000000e+00	0.000000e+00
-20.3902	       273	2.218424e+11	    22508.33	    13908.39	  216.31	717.313995	  250.18	   1.119e+10	   8.263e+10	   4.213e+10	  0.907341	  0.761934	  0.279370	 -0.689950	  0.667773	  0.948552	  0.306234	 -0.080433	 -0.149000	  0.655888	  0.740006	6.942298e+15	-3.046330e+16	0.000000e+00	0.000000e+00	0.000000e+00
 25.9653	       385	3.128547e+11	    15371.93	     8670.87	  227.64	700.383045	  256.62	   2.886e+10	   1.138e+11	   3.761e+10	  0.893512	  0.799211	  0.249246	 -0.616506	  0.746858	  0.957558	  0.272175	 -0.094891	  0.144775	 -0.738811	 -0.658179	1.030104e+16	-4.189802e+16	0.000000e+00	0.000000e+00	0.000000e+00
 33.0646	       529	4.298704e+11	    10228.46	     5398.76	  236.46	681.583189	  271.23	   5.953e+10	   2.293e+11	   8.807e+10	  0.865686	  0.753130	  0.274664	 -0.509559	  0.815420	  0.947378	  0.288425	 -0.138874	 -0.164423	  0.810655	  0.561965	1.581165e+16	-5.585467e+16	0.000000e+00	0.000000e+00	0.000000e+00
 42.1051	       703	5.712645e+11	     6582.59	     3159.13	  241.56	660.953415	  280.07	   1.759e+11	   4.404e+11	   2.283e+11	  0.898016	  0.769798	  0.622497	 -0.482950	  0.615839	 -0.774208	 -0.264927	  0.574818	  0.114456	  0.834609	  0.538820	2.240515e+16	-7.177260e+16	0.000000e+00	0.000000e+00	0.000000e+00
 53.6174	       910	7.394747e+11	     4126.38	     1820.02	  243.54	638.938121	  291.54	   2.719e+11	   7.455e+11	   3.138e+11	  0.892927	  0.781850	  0.608075	 -0.510957	  0.607591	 -0.779457	 -0.239039	  0.579057	  0.150636	  0.825702	  0.543623	3.142531e+16	-8.955191e+16	0.000000e+00	0.000000e+00	0.000000e+00
 68.2774	      1204	9.783819e+11	     2643.88	     1251.81	  248.25	615.998507	  302.73	   5.548e+11	   1.062e+12	   7.596e+11	  0.959177	  0.807269	  0.406041	 -0.563940	  0.719098	 -0.878257	 -0.023323	  0.477620	  0.252578	  0.825486	  0.504754	4.483219e+16	-1.129454e+17	0.000000e+00	0.000000e+00	0.000000e+00
 86.9457	      1557	1.265233e+12	     1655.73	      727.87	  250.17	591.217137	  311.95	   6.285e+11	   2.153e+12	   1.572e+12	  0.970117	  0.848210	  0.044928	 -0.512478	  0.857524	  0.974432	 -0.166681	 -0.150666	  0.220146	  0.842368	  0.491886	6.155986e+16	-1.390155e+17	0.000000e+00	0.000000e+00	0.000000e+00
110.7182	      2034	1.652848e+12	     1047.47	      476.30	  253.38	564.596306	  321.55	    9.75e+11	   4.953e+12	   3.362e+12	  0.883693	  0.775166	 -0.505625	 -0.273938	  0.818109	  0.836904	 -0.386113	  0.387954	  0.209607	  0.880838	  0.424488	8.545024e+16	-1.713717e+17	0.000000e+00	0.000000e+00	0.000000e+00
140.9906	      2760	2.242802e+12	      688.31	      351.07	  261.56	535.624180	  328.90	   3.147e+12	    1.27e+13	   8.468e+12	  0.812096	  0.668279	 -0.492578	 -0.218030	  0.842514	  0.864114	 -0.237463	  0.443755	  0.103314	  0.946612	  0.305372	1.213087e+17	-2.158659e+17	0.000000e+00	0.000000e+00	0.000000e+00
179.5400	      4044	3.286193e+12	      488.40	      300.68	  280.56	501.831588	  336.53	   1.111e+13	   3.169e+13	   2.108e+13	  0.658929	  0.542272	 -0.446798	 -0.219745	  0.867228	  0.892823	 -0.047853	  0.447859	 -0.056915	  0.974383	  0.217574	1.860894e+17	-2.856409e+17	0.000000e+00	0.000000e+00	0.000000e+00
228.6295	      5684	4.618873e+12	      332.43	      185.98	  294.76	459.654959	  335.45	   2.222e+13	   5.962e+13	   3.678e+13	  0.600784	  0.481290	 -0.432285	 -0.208022	  0.877414	  0.901725	 -0.094632	  0.421826	 -0.004718	  0.973536	  0.228487	2.598778e+17	-3.630721e+17	0.000000e+00	0.000000e+00	0.000000e+00
291.1545	      7059	5.736211e+12	      199.90	       75.49	  291.08	411.710401	  330.07	   3.314e+13	   8.312e+13	   4.992e+13	  0.646124	  0.499781	 -0.428912	 -0.189779	  0.883186	  0.902412	 -0.134471	  0.409354	  0.041076	  0.972575	  0.228935	3.124745e+17	-4.164277e+17	0.000000e+00	0.000000e+00	0.000000e+00
 -4.9918	         9	7.313486e+09	    50572.34	    50572.34	   79.38	624.695471	  144.23	   6.641e+08	  -4.943e+08	   2.155e+08	  0.000000	  0.000000	  0.000000	  0.000000	  0.000000	  0.000000	  0.000000	  0.000000	  0.000000	  0.000000	  0.000000	7.606691e+13	-7.167712e+14	0.000000e+00	0.000000e+00	0.000000e+00
 -6.2545	        15	1.218914e+10	    42850.89	    34865.85	   91.55	622.781105	  173.96	   1.031e+09	   -8.54e+07	   1.331e+08	  0.724416	  0.505443	  0.752469	 -0.394794	 -0.527189	  0.303501	  0.918231	 -0.254439	  0.584532	  0.031455	  0.810760	1.844408e+14	-1.190513e+15	0.000000e+00	0.000000e+00	0.000000e+00
 -7.8366	        30	2.437829e+10	    43570.03	    44313.73	  115.67	618.317755	  180.91	   1.571e+09	  -3.649e+09	   2.206e+09	  0.904670	  0.738838	  0.699789	 -0.055064	 -0.712224	  0.462426	  0.794854	  0.392900	 -0.544479	  0.604298	 -0.581693	3.989148e+14	-2.365022e+15	0.000000e+00	0.000000e+00	0.000000e+00
 -9.8188	        45	3.656743e+10	    33225.94	    22528.71	  126.56	613.007833	  202.43	   2.868e+09	  -1.898e+09	  -2.763e+08	  0.859070	  0.765559	  0.803034	  0.034181	 -0.594953	  0.059673	  0.988724	  0.137347	  0.592938	 -0.145797	  0.791939	7.492426e+14	-3.519767e+15	0.000000e+00	0.000000e+00	0.000000e+00
-12.3025	        75	6.094572e+10	    28152.96	    22906.80	  145.96	607.093559	  206.90	  -1.922e+09	  -4.009e+09	   -5.13e+09	  0.868696	  0.744428	 -0.342446	 -0.598440	  0.724293	 -0.509715	  0.765928	  0.391848	  0.789254	  0.234996	  0.567323	1.304514e+15	-5.782269e+15	0.000000e+00	0.000000e+00	0.000000e+00
-15.4145	       124	1.007636e+11	    23663.69	    19021.17	  167.67	598.109301	  211.16	   1.577e+09	  -2.605e+10	  -1.799e+08	  0.922199	  0.854799	 -0.607769	 -0.133424	  0.782825	  0.649632	 -0.650494	  0.393492	  0.456721	  0.747700	  0.482027	2.246389e+15	-9.394099e+15	0.000000e+00	0.000000e+00	0.000000e+00
-19.3136	       200	1.625219e+11	    19403.89	    14998.68	  190.24	586.182883	  223.90	   2.767e+10	  -2.699e+10	   1.429e+10	  0.843183	  0.796234	 -0.532861	 -0.165241	  0.829913	  0.677883	 -0.670380	  0.301770	  0.506492	  0.723385	  0.469233	4.073639e+15	-1.479619e+16	0.000000e+00	0.000000e+00	0.000000e+00
 24.1989	       258	2.096533e+11	    12725.55	     5819.23	  193.03	571.180867	  229.04	   2.989e+10	  -6.147e+10	   1.286e+10	  0.858650	  0.824325	  0.667891	  0.288546	 -0.686048	 -0.399435	  0.916756	 -0.003285	  0.627991	  0.276225	  0.727548	5.499187e+15	-1.874976e+16	0.000000e+00	0.000000e+00	0.000000e+00
 30.3201	       355	2.884764e+11	     8901.91	     4947.74	  202.28	555.534953	  235.07	   7.704e+10	  -9.184e+10	   6.809e+10	  0.839615	  0.806382	 -0.562049	 -0.413006	  0.716608	  0.456162	  0.567939	  0.685099	 -0.689940	  0.711949	 -0.130812	7.970147e+15	-2.502274e+16	0.000000e+00	0.000000e+00	0.000000e+00
 37.9896	       483	3.924904e+11	     6157.44	     3319.28	  210.79	538.126384	  235.83	   1.516e+11	  -1.165e+11	    9.32e+10	  0.845547	  0.776981	  0.693753	  0.386353	 -0.607815	  0.489088	  0.366769	  0.791374	 -0.528677	  0.846293	 -0.065487	1.091406e+16	-3.280519e+16	0.000000e+00	0.000000e+00	0.000000e+00
 47.5990	       629	5.111314e+11	     4076.63	     1924.79	  214.90	518.771876	  241.87	   2.109e+11	  -2.594e+11	   9.281e+10	  0.842769	  0.771034	  0.753374	  0.347446	 -0.558309	  0.533799	  0.172716	  0.827785	 -0.384040	  0.921656	  0.055347	1.495031e+16	-4.110169e+16	0.000000e+00	0.000000e+00	0.000000e+00
 59.6393	       787	6.395237e+11	     2593.13	     1058.98	  214.75	498.319521	  245.97	   3.426e+11	  -4.984e+11	   7.486e+10	  0.794021	  0.720263	  0.825499	  0.281768	 -0.489039	  0.447654	  0.200842	  0.871360	 -0.343741	  0.938227	 -0.039661	1.934621e+16	-4.939767e+16	0.000000e+00	0.000000e+00	0.000000e+00
 74.7250	      1038	8.434887e+11	     1738.78	      855.27	  220.33	476.095706	  248.19	   5.611e+11	  -1.261e+12	   2.455e+11	  0.786432	  0.697205	  0.818979	  0.253814	 -0.514638	  0.470133	  0.217436	  0.855392	 -0.329011	  0.942497	 -0.058749	2.597891e+16	-6.151439e+16	0.000000e+00	0.000000e+00	0.000000e+00
 93.6268	      1377	1.118963e+12	     1172.68	      587.25	  226.71	452.174131	  253.47	   9.737e+11	  -2.546e+12	   6.066e+11	  0.748407	  0.659026	  0.834164	  0.280111	 -0.475087	  0.495316	 -0.001646	  0.868712	 -0.242554	  0.959966	  0.140116	3.594440e+16	-7.632394e+16	0.000000e+00	0.000000e+00	0.000000e+00
117.3098	      1846	1.500077e+12	      799.24	      413.04	  234.51	424.722344	  258.32	   2.508e+12	   -5.41e+12	   1.272e+12	  0.745003	  0.653174	  0.834926	  0.281396	 -0.472985	  0.497559	 -0.018615	  0.867230	 -0.235230	  0.959411	  0.155553	5.005003e+16	-9.461923e+16	0.000000e+00	0.000000e+00	0.000000e+00
146.9833	      2306	1.873878e+12	      507.58	      205.96	  234.16	394.594867	  261.10	    4.03e+12	   -8.98e+12	   1.955e+12	  0.769635	  0.668570	  0.813067	  0.229355	 -0.535087	  0.554037	 -0.022577	  0.832186	 -0.178785	  0.973081	  0.145428	6.387197e+16	-1.102693e+17	0.000000e+00	0.000000e+00	0.000000e+00
184.1629	      2917	2.370382e+12	      326.42	      139.08	  235.27	361.735775	  266.34	   7.298e+12	  -1.398e+13	   1.668e+12	  0.788989	  0.677386	  0.812262	  0.162698	 -0.560143	  0.561116	  0.044331	  0.826549	 -0.159310	  0.985679	  0.055284	8.407640e+16	-1.280143e+17	0.000000e+00	0.000000e+00	0.000000e+00
230.7606	      3510	2.852259e+12	      199.65	       68.60	  230.56	326.068206	  267.62	   9.515e+12	  -1.913e+13	   1.899e+12	  0.811611	  0.699014	  0.805274	  0.094922	 -0.585255	  0.565068	  0.176029	  0.806047	 -0.179533	  0.979798	 -0.088114	1.021372e+17	-1.422982e+17	0.000000e+00	0.000000e+00	0.000000e+00
 -4.0447	         7	5.688267e+09	    73941.67	    73941.67	   77.77	666.185486	  162.21	  -1.443e+08	   6.755e+08	  -1.308e+08	  0.000000	  0.000000	  0.000000	  0.000000	  0.000000	  0.000000	  0.000000	  0.000000	  0.000000	  0.000000	  0.000000	7.483727e+13	-6.352113e+14	0.000000e+00	0.000000e+00	0.000000e+00
 -5.1180	        13	1.056392e+10	    67776.00	    61767.11	   94.22	664.268481	  154.67	   9.783e+07	   6.927e+08	  -1.545e+07	  0.744612	  0.620326	 -0.586983	  0.793300	  0.161635	  0.800519	  0.538898	  0.262218	 -0.120913	 -0.283310	  0.951376	1.263594e+14	-1.174601e+15	0.000000e+00	0.000000e+00	0.000000e+00
 -6.4763	        28	2.275307e+10	    72049.68	    76214.69	  122.92	660.420532	  201.38	    1.69e+09	   1.648e+09	   -2.26e+09	  0.775363	  0.653115	  0.765542	 -0.642934	 -0.024119	  0.255660	  0.269586	  0.928419	  0.590410	  0.716909	 -0.370752	4.613426e+14	-2.509672e+15	0.000000e+00	0.000000e+00	0.000000e+00
 -8.1949	        42	3.412960e+10	    53341.43	    35108.87	  133.83	654.434535	  219.21	   3.725e+09	   6.539e+07	  -1.165e+09	  0.846717	  0.668704	 -0.650330	  0.745853	  0.144137	 -0.042569	 -0.225223	  0.973377	  0.758459	  0.626880	  0.178219	8.200124e+14	-3.737563e+15	0.000000e+00	0.000000e+00	0.000000e+00
-10.3696	        70	5.688267e+10	    43878.81	    34656.78	  153.59	646.674722	  239.34	   7.223e+09	   3.606e+09	  -6.889e+08	  0.973819	  0.912916	  0.385891	 -0.684457	 -0.618552	  0.921242	  0.321512	  0.218961	  0.049002	 -0.654331	  0.754619	1.629265e+15	-6.146788e+15	0.000000e+00	0.000000e+00	0.000000e+00
-13.1215	       116	9.426271e+10	    35888.57	    28101.49	  175.77	636.500481	  263.61	   1.908e+10	  -2.933e+09	   9.168e+08	  0.987859	  0.892367	  0.565802	  0.799374	 -0.202164	 -0.317793	  0.437655	  0.841110	  0.760839	 -0.411655	  0.501661	3.275170e+15	-9.997619e+15	0.000000e+00	0.000000e+00	0.000000e+00
-16.6036	       172	1.397688e+11	    26264.43	    16885.00	  190.27	624.151549	  269.86	   1.779e+10	  -2.114e+10	   5.114e+09	  0.854945	  0.792863	  0.174850	  0.950535	 -0.256730	  0.972887	 -0.126703	  0.193489	 -0.151389	  0.283601	  0.946917	5.089144e+15	-1.452134e+16	0.000000e+00	0.000000e+00	0.000000e+00
-21.0098	       257	2.088407e+11	    19369.31	    12649.50	  206.76	609.028700	  276.44	  -2.626e+10	  -1.986e+10	  -2.162e+10	  0.896086	  0.783241	  0.526995	  0.811007	 -0.254054	  0.666353	 -0.208764	  0.715815	  0.527494	 -0.546521	 -0.650435	7.979629e+15	-2.108666e+16	0.000000e+00	0.000000e+00	0.000000e+00
 26.5853	       388	3.152925e+11	    14432.92	     9622.04	  225.84	590.745516	  275.87	  -1.268e+10	  -9.617e+08	   -2.73e+10	  0.791787	  0.712906	  0.624654	  0.698453	 -0.349243	  0.232565	  0.260546	  0.937032	  0.745467	 -0.666542	  0.000315	1.199739e+16	-3.064891e+16	0.000000e+00	0.000000e+00	0.000000e+00
 33.6404	       568	4.615622e+11	    10428.27	     6525.44	  242.91	568.871730	  279.64	    1.14e+11	  -1.078e+09	  -1.086e+11	  0.812592	  0.709177	  0.558938	  0.760535	 -0.330414	  0.206514	  0.258239	  0.943750	  0.803082	 -0.595733	 -0.012721	1.804639e+16	-4.291644e+16	0.000000e+00	0.000000e+00	0.000000e+00
 42.5677	       755	6.135202e+11	     6841.51	     3345.96	  248.97	543.105323	  280.69	   2.592e+11	  -8.498e+10	  -1.963e+11	  0.849535	  0.708175	  0.552269	  0.735302	 -0.392849	  0.224368	  0.322746	  0.919507	  0.802906	 -0.595958	  0.013264	2.416845e+16	-5.464831e+16	0.000000e+00	0.000000e+00	0.000000e+00
 53.8641	       982	7.979826e+11	     4391.96	     2004.68	  252.41	515.408354	  281.77	   5.207e+11	  -1.683e+11	  -3.412e+11	  0.899144	  0.713698	  0.560747	  0.737787	 -0.375810	  0.331575	  0.215807	  0.918415	  0.758697	 -0.639607	 -0.123619	3.167724e+16	-6.753923e+16	0.000000e+00	0.000000e+00	0.000000e+00
 68.1584	      1252	1.017387e+12	     2763.71	     1176.86	  253.37	485.125134	  277.75	   1.069e+12	  -2.608e+11	  -4.933e+11	  0.903593	  0.734826	  0.526768	  0.735694	 -0.425757	  0.370442	  0.252120	  0.893984	  0.765041	 -0.628641	 -0.139723	3.924261e+16	-8.124563e+16	0.000000e+00	0.000000e+00	0.000000e+00
 86.2460	      1607	1.305864e+12	     1750.83	      763.71	  255.18	452.784269	  275.49	   1.754e+12	  -3.736e+11	  -1.113e+12	  0.969258	  0.792354	  0.544486	  0.759791	 -0.355321	  0.343354	  0.184601	  0.920886	  0.765273	 -0.623410	 -0.160365	4.955313e+16	-9.709630e+16	0.000000e+00	0.000000e+00	0.000000e+00
109.1336	      1914	1.555335e+12	     1029.23	      325.97	  247.57	418.525126	  273.29	   2.418e+12	  -2.602e+11	   -1.37e+12	  0.968488	  0.803236	  0.688606	  0.720576	  0.081187	  0.018400	 -0.129288	  0.991436	  0.724902	 -0.681215	 -0.102287	5.808001e+16	-1.089916e+17	0.000000e+00	0.000000e+00	0.000000e+00
138.0950	      2252	1.829997e+12	      597.70	      177.13	  238.73	383.807669	  268.71	   3.169e+12	  -3.189e+11	  -1.461e+12	  0.951601	  0.806872	  0.741757	  0.618360	  0.259668	 -0.202747	 -0.162314	  0.965685	 -0.639289	  0.768951	 -0.004973	6.606997e+16	-1.200212e+17	0.000000e+00	0.000000e+00	0.000000e+00
174.7421	      2638	2.143664e+12	      345.56	       99.84	  229.69	348.299652	  262.90	   4.216e+12	   5.912e+10	  -1.775e+12	  0.969218	  0.798855	  0.777458	  0.473860	  0.413541	 -0.268629	 -0.344343	  0.899592	 -0.568681	  0.810484	  0.140420	7.408303e+16	-1.305455e+17	0.000000e+00	0.000000e+00	0.000000e+00
221.1279	      3089	2.510151e+12	      199.68	       57.56	  220.95	312.480837	  256.23	   4.137e+12	   8.675e+11	  -2.436e+12	  0.891399	  0.744231	  0.707351	  0.415122	  0.572126	 -0.434246	 -0.383449	  0.815105	 -0.557750	  0.825009	  0.090968	8.240367e+16	-1.405341e+17	0.000000e+00	0.000000e+00	0.000000e+00
 -3.5542	         4	3.250438e+09	    62269.45	    62269.45	   62.71	619.719095	  111.16	  -3.654e+08	  -2.904e+08	   5.844e+06	  0.000000	  0.000000	  0.000000	  0.000000	  0.000000	  0.000000	  0.000000	  0.000000	  0.000000	  0.000000	  0.000000	2.008317e+13	-3.146485e+14	0.000000e+00	0.000000e+00	0.000000e+00
 -4.5860	        11	8.938705e+09	    79716.46	    94912.53	   91.56	615.894390	  168.23	   1.386e+08	  -4.486e+08	  -6.407e+08	  0.953825	  0.737410	  0.684432	  0.584853	 -0.435316	  0.538536	 -0.003071	  0.842597	 -0.491458	  0.811134	  0.317066	1.264958e+14	-8.586579e+14	0.000000e+00	0.000000e+00	0.000000e+00
 -5.9172	        17	1.381436e+10	    57351.46	    37871.90	  100.20	613.814545	  161.79	   -3.05e+08	  -1.316e+09	  -1.546e+09	  0.840628	  0.547824	  0.908368	  0.316398	 -0.273423	  0.404310	 -0.497555	  0.767446	 -0.106775	  0.807671	  0.579885	1.808054e+14	-1.318958e+15	0.000000e+00	0.000000e+00	0.000000e+00
 -7.6349	        26	2.112785e+10	    40832.80	    26445.30	  109.09	609.589711	  186.05	  -1.437e+09	  -4.912e+08	    2.68e+09	  0.889499	  0.641080	 -0.249634	  0.852956	 -0.458420	  0.955093	  0.294919	  0.028641	 -0.159626	  0.430683	  0.888274	3.656636e+14	-2.001684e+15	0.000000e+00	0.000000e+00	0.000000e+00
 -9.8512	        58	4.713135e+10	    42403.73	    43771.99	  143.44	602.539430	  229.05	  -7.584e+09	  -2.583e+09	   3.174e+09	  0.902139	  0.848789	 -0.326066	 -0.637215	  0.698311	  0.857798	 -0.509893	 -0.064746	  0.397321	  0.577899	  0.712860	1.236351e+15	-4.389404e+15	0.000000e+00	0.000000e+00	0.000000e+00
-12.7109	        94	7.638530e+10	    31992.21	    22923.93	  160.76	592.976198	  234.28	   -1.43e+10	   -1.53e+10	  -1.763e+09	  0.934978	  0.807453	 -0.264539	 -0.557444	  0.786941	  0.893721	 -0.448295	 -0.017123	  0.362327	  0.698776	  0.616791	2.096291e+15	-6.999322e+15	0.000000e+00	0.000000e+00	0.000000e+00
-16.4007	       151	1.227040e+11	    23923.99	    16896.69	  179.38	580.347523	  239.96	  -1.182e+10	  -1.284e+10	  -6.018e+09	  0.869336	  0.807048	 -0.297984	 -0.207743	  0.931691	 -0.571860	  0.820352	  0.000018	  0.764318	  0.532791	  0.363251	3.532803e+15	-1.098071e+16	0.000000e+00	0.000000e+00	0.000000e+00
-21.1617	       232	1.885254e+11	    17111.37	    11177.69	  195.74	565.224545	  249.82	  -1.375e+10	  -3.225e+10	  -1.639e+10	  0.849788	  0.760243	 -0.331697	  0.055894	  0.941729	 -0.379170	  0.906166	 -0.187335	  0.863833	  0.419213	  0.279379	5.882850e+15	-1.636104e+16	0.000000e+00	0.000000e+00	0.000000e+00
 27.3046	       354	2.876638e+11	    12154.59	     7837.31	  212.86	545.903515	  257.70	  -7.703e+10	  -5.556e+10	  -3.477e+10	  0.844436	  0.697160	 -0.376344	 -0.064064	  0.924262	  0.661727	 -0.716814	  0.219759	  0.648446	  0.694315	  0.312162	9.551895e+15	-2.401733e+16	0.000000e+00	0.000000e+00	0.000000e+00
 35.2308	       506	4.111804e+11	     8087.75	     4545.60	  224.04	522.992044	  259.48	  -2.037e+11	  -1.164e+11	  -1.089e+11	  0.801354	  0.663291	 -0.468910	 -0.153698	  0.869770	  0.552753	 -0.819132	  0.153251	  0.688903	  0.552629	  0.469056	1.384234e+16	-3.283517e+16	0.000000e+00	0.000000e+00	0.000000e+00
 45.4579	       690	5.607006e+11	     5134.13	     2561.57	  230.32	497.174626	  259.17	  -4.305e+11	  -1.578e+11	  -8.377e+10	  0.764636	  0.655185	 -0.446188	 -0.229588	  0.864989	  0.570259	 -0.817841	  0.077084	  0.689725	  0.527661	  0.495835	1.883091e+16	-4.254886e+16	0.000000e+00	0.000000e+00	0.000000e+00
 58.6538	       918	7.459756e+11	     3179.81	     1477.62	  233.87	468.626557	  261.73	  -8.639e+11	  -3.813e+11	  -2.021e+11	  0.796292	  0.689546	 -0.524484	 -0.183197	  0.831478	 -0.515082	  0.845871	 -0.138538	  0.677944	  0.500940	  0.538007	2.555042e+16	-5.335384e+16	0.000000e+00	0.000000e+00	0.000000e+00
 75.6802	      1197	9.726936e+11	     1930.16	      841.73	  235.11	437.460990	  258.42	  -1.497e+12	  -5.523e+11	  -5.012e+11	  0.826480	  0.702454	 -0.510128	 -0.051699	  0.858543	  0.459228	 -0.860375	  0.221054	  0.727241	  0.507033	  0.462643	3.247988e+16	-6.504225e+16	0.000000e+00	0.000000e+00	0.000000e+00
 97.6493	      1510	1.227040e+12	     1133.48	      439.60	  232.47	404.253343	  253.76	  -2.474e+12	  -9.036e+11	  -1.132e+12	  0.872391	  0.698585	 -0.549731	 -0.048043	  0.833959	 -0.338585	  0.925475	 -0.169874	  0.763647	  0.375751	  0.525029	3.950845e+16	-7.629054e+16	0.000000e+00	0.000000e+00	0.000000e+00
125.9957	      1843	1.497639e+12	      644.03	      217.72	  226.10	369.564554	  248.29	  -3.943e+12	  -1.831e+12	  -1.598e+12	  0.868658	  0.670973	 -0.656837	  0.244165	  0.713406	 -0.151547	  0.884068	 -0.442105	  0.738647	  0.398505	  0.543686	4.616417e+16	-8.643474e+16	0.000000e+00	0.000000e+00	0.000000e+00
162.5707	      2213	1.798305e+12	      360.00	      112.61	  218.11	333.840452	  242.19	   -6.36e+12	  -2.806e+12	  -2.137e+12	  0.916395	  0.693074	 -0.649494	  0.387913	  0.653974	 -0.043811	  0.839556	 -0.541504	  0.759104	  0.380355	  0.528292	5.274084e+16	-9.571302e+16	0.000000e+00	0.000000e+00	0.000000e+00
209.7765	      2641	2.146102e+12	      199.96	       60.62	  209.76	296.648881	  236.01	  -8.589e+12	  -4.186e+12	  -3.007e+12	  0.946932	  0.719224	 -0.613132	  0.024156	  0.789611	 -0.288986	  0.923394	 -0.252647	  0.735225	  0.383092	  0.559182	5.977096e+16	-1.043983e+17	0.000000e+00	0.000000e+00	0.000000e+00
 -3.4489	         7	5.688267e+09	   119258.73	   119258.73	   84.22	586.636389	  122.95	  -2.467e+08	  -3.223e+08	  -6.468e+08	  0.000000	  0.000000	  0.000000	  0.000000	  0.000000	  0.000000	  0.000000	  0.000000	  0.000000	  0.000000	  0.000000	4.299157e+13	-4.930137e+14	0.000000e+00	0.000000e+00	0.000000e+00
 -4.4426	        10	8.126095e+09	    79714.43	    44942.55	   88.69	584.111299	  127.23	  -3.341e+08	  -6.359e+07	   1.952e+08	  0.000000	  0.000000	  0.000000	  0.000000	  0.000000	  0.000000	  0.000000	  0.000000	  0.000000	  0.000000	  0.000000	6.576770e+13	-7.019289e+14	0.000000e+00	0.000000e+00	0.000000e+00
 -5.7225	        19	1.543958e+10	    70865.59	    63084.67	  107.72	580.509470	  147.68	  -1.106e+09	   2.563e+08	  -6.182e+08	  0.878598	  0.669673	 -0.402933	 -0.480019	  0.779248	  0.839473	 -0.533016	  0.105735	  0.364597	  0.696761	  0.617732	1.683530e+14	-1.322278e+15	0.000000e+00	0.000000e+00	0.000000e+00
 -7.3712	        30	2.437829e+10	    52353.76	    36076.03	  119.26	575.011203	  173.33	  -9.103e+08	   2.645e+09	  -1.604e+08	  0.898415	  0.550743	 -0.353243	  0.717253	  0.600639	 -0.248007	 -0.690854	  0.679127	  0.902060	  0.090934	  0.421923	3.662104e+14	-2.067402e+15	0.000000e+00	0.000000e+00	0.000000e+00
 -9.4949	        52	4.225570e+10	    42459.49	    33759.31	  138.35	567.554338	  191.48	   1.941e+08	   6.427e+09	   4.156e+09	  0.992942	  0.790682	 -0.267154	  0.643256	  0.717531	 -0.064819	  0.730912	 -0.679386	  0.961472	  0.228010	  0.153571	7.746384e+14	-3.526943e+15	0.000000e+00	0.000000e+00	0.000000e+00
-12.2305	        85	6.907181e+10	    32473.95	    23693.53	  155.85	557.998639	  224.54	  -1.235e+10	   4.664e+09	  -2.553e+09	  0.934145	  0.777361	 -0.278854	  0.571225	  0.771973	 -0.194105	  0.753743	 -0.627850	  0.940512	  0.324922	  0.099307	1.741166e+15	-5.649106e+15	0.000000e+00	0.000000e+00	0.000000e+00
-15.7541	       134	1.088897e+11	    23953.33	    16461.02	  172.41	545.997707	  236.75	  -1.214e+10	  -6.934e+09	   3.709e+08	  0.841315	  0.801103	  0.817358	 -0.420118	 -0.394241	  0.317092	  0.899366	 -0.300988	  0.481018	  0.121005	  0.868320	3.051663e+15	-8.680600e+15	0.000000e+00	0.000000e+00	0.000000e+00
-20.2930	       206	1.673976e+11	    17229.52	    11317.17	  188.35	530.068720	  237.79	  -1.244e+10	  -1.232e+10	  -1.495e+09	  0.811075	  0.754940	  0.923093	 -0.333844	 -0.190911	  0.381289	  0.729694	  0.567596	 -0.050182	 -0.596736	  0.800867	4.732669e+15	-1.292000e+16	0.000000e+00	0.000000e+00	0.000000e+00
 26.1396	       319	2.592224e+11	    12483.64	     8310.53	  206.52	511.773682	  244.49	   5.721e+07	  -2.721e+10	  -2.145e+10	  0.851937	  0.763760	  0.789647	 -0.563351	 -0.243092	  0.613240	  0.711830	  0.342395	 -0.019848	 -0.419445	  0.907564	7.747757e+15	-1.913735e+16	0.000000e+00	0.000000e+00	0.000000e+00
 33.6705	       430	3.494221e+11	     7873.43	     3819.60	  211.26	489.813512	  249.31	   1.463e+10	  -4.633e+10	  -2.474e+10	  0.835869	  0.791169	  0.808924	 -0.537820	 -0.237467	  0.286185	  0.713049	 -0.640046	  0.513556	  0.449790	  0.730719	1.085943e+16	-2.477648e+16	0.000000e+00	0.000000e+00	0.000000e+00
 43.3712	       562	4.566866e+11	     4814.78	     2125.27	  212.80	465.305646	  250.93	   1.746e+10	   -2.42e+10	   9.787e+09	  0.778814	  0.757860	  0.782729	 -0.582645	 -0.218769	 -0.069851	 -0.431535	  0.899388	  0.618430	  0.688696	  0.378473	1.437805e+16	-3.091859e+16	0.000000e+00	0.000000e+00	0.000000e+00
 55.8668	       750	6.094572e+11	     3006.40	     1416.26	  216.60	439.978940	  250.63	   1.837e+10	   1.064e+11	   5.665e+09	  0.839186	  0.725291	 -0.686686	  0.638768	  0.347041	 -0.092175	 -0.550045	  0.830033	  0.721087	  0.537984	  0.436587	1.914196e+16	-3.873126e+16	0.000000e+00	0.000000e+00	0.000000e+00
 71.9623	       975	7.922943e+11	     1828.67	      793.07	  217.60	411.721605	  247.49	  -8.712e+10	   1.193e+11	   9.608e+10	  0.892777	  0.703358	 -0.659661	  0.636843	  0.399098	 -0.077317	 -0.585710	  0.806824	  0.747576	  0.501373	  0.435609	2.426429e+16	-4.701329e+16	0.000000e+00	0.000000e+00	0.000000e+00
 92.6952	      1264	1.027138e+12	     1109.23	      476.62	  218.30	381.526757	  242.44	  -3.085e+11	   2.241e+11	   1.607e+11	  0.888862	  0.674967	 -0.594820	  0.755716	  0.274010	 -0.206994	 -0.473367	  0.856199	  0.776751	  0.452566	  0.437997	3.018675e+16	-5.626068e+16	0.000000e+00	0.000000e+00	0.000000e+00
119.4012	      1569	1.274984e+12	      644.23	      235.35	  214.30	349.165828	  237.90	   1.153e+11	   5.397e+11	   5.879e+11	  0.870279	  0.681093	 -0.597538	  0.787273	  0.152149	 -0.298421	 -0.394465	  0.869104	  0.744240	  0.473918	  0.470647	3.608127e+16	-6.450800e+16	0.000000e+00	0.000000e+00	0.000000e+00
153.8015	      1908	1.550459e+12	      366.56	      122.39	  208.22	314.884526	  231.60	   2.217e+11	   4.063e+11	   9.381e+11	  0.868572	  0.719541	 -0.532549	  0.832564	  0.152412	 -0.336181	 -0.373323	  0.864646	  0.776772	  0.409228	  0.478705	4.158051e+16	-7.212924e+16	0.000000e+00	0.000000e+00	0.000000e+00
198.1262	      2222	1.805618e+12	      199.69	       53.02	  197.97	279.987638	  225.63	   8.437e+11	   6.473e+11	   1.816e+12	  0.909804	  0.745447	 -0.578059	  0.794773	  0.184887	 -0.325248	 -0.432219	  0.841071	  0.748372	  0.426054	  0.508347	4.595976e+16	-7.776312e+16	0.000000e+00	0.000000e+00	0.000000e+00
 -4.3332	         5	4.063048e+09	    42953.58	    42953.58	   63.50	529.842009	  105.52	  -5.521e+08	  -8.122e+07	    -7.6e+07	  0.000000	  0.000000	  0.000000	  0.000000	  0.000000	  0.000000	  0.000000	  0.000000	  0.000000	  0.000000	  0.000000	2.261980e+13	-2.877871e+14	0.000000e+00	0.000000e+00	0.000000e+00
 -5.5767	        12	9.751314e+09	    48361.25	    53139.88	   86.72	527.186877	  105.13	  -1.048e+09	  -3.721e+08	   3.865e+08	  0.852293	  0.576721	  0.191371	  0.942035	  0.275586	 -0.059800	 -0.269063	  0.961264	  0.979694	 -0.200438	  0.004843	5.388690e+13	-6.851088e+14	0.000000e+00	0.000000e+00	0.000000e+00
 -7.1771	        21	1.706480e+10	    39702.93	    32051.77	  101.12	522.677274	  126.96	   2.405e+08	   1.049e+09	   9.296e+08	  0.849350	  0.703851	 -0.142252	  0.894864	 -0.423065	  0.783846	  0.362840	  0.503917	 -0.604442	  0.259935	  0.753050	1.375403e+14	-1.189787e+15	0.000000e+00	0.000000e+00	0.000000e+00
 -9.2367	        36	2.925394e+10	    31929.54	    25060.38	  116.71	516.851900	  150.17	   4.126e+09	   3.858e+08	  -3.346e+09	  0.859789	  0.686262	  0.233505	  0.972348	  0.003790	  0.852532	 -0.206603	  0.480110	 -0.467617	  0.108877	  0.877200	3.298679e+14	-2.014194e+15	0.000000e+00	0.000000e+00	0.000000e+00
-11.8875	        60	4.875657e+10	    24964.81	    18810.25	  132.81	509.295815	  175.70	   6.778e+09	  -4.484e+09	  -9.954e+09	  0.904299	  0.777960	  0.606268	 -0.613870	  0.505572	  0.738275	  0.670766	 -0.070870	 -0.295615	  0.416217	  0.859869	7.526104e+14	-3.296204e+15	0.000000e+00	0.000000e+00	0.000000e+00
-15.2989	       101	8.207356e+10	    19714.48	    15074.89	  151.89	499.266250	  190.12	   1.883e+10	  -1.421e+10	  -2.041e+10	  0.952538	  0.764305	 -0.303193	 -0.572762	  0.761589	  0.823614	 -0.559493	 -0.092888	  0.479306	  0.599092	  0.641369	1.483249e+15	-5.411486e+15	0.000000e+00	0.000000e+00	0.000000e+00
-19.6894	       163	1.324554e+11	    14925.83	    10694.21	  170.09	486.078396	  199.17	   2.723e+10	  -1.248e+10	    -2.5e+10	  0.863015	  0.796108	  0.173619	  0.850093	 -0.497191	  0.982773	 -0.117080	  0.143002	 -0.063354	  0.513453	  0.855776	2.627254e+15	-8.463957e+15	0.000000e+00	0.000000e+00	0.000000e+00
 25.3398	       237	1.925885e+11	    10180.90	     5987.92	  180.79	469.764019	  207.68	   2.055e+10	  -5.796e+09	  -5.378e+10	  0.900694	  0.760765	  0.686962	 -0.610778	  0.393742	  0.719060	  0.649645	 -0.246808	 -0.105047	  0.452672	  0.885468	4.153142e+15	-1.189478e+16	0.000000e+00	0.000000e+00	0.000000e+00
 32.6117	       313	2.543468e+11	     6307.67	     2884.99	  183.14	451.759467	  208.84	    4.65e+10	   9.898e+09	  -6.075e+10	  0.935889	  0.759763	  0.124748	  0.828511	 -0.545900	 -0.992174	  0.101210	 -0.073123	 -0.005333	  0.550750	  0.834653	5.546314e+15	-1.516270e+16	0.000000e+00	0.000000e+00	0.000000e+00
 41.9706	       441	3.583608e+11	     4169.17	     2279.44	  191.63	431.678838	  208.65	   1.022e+11	   1.424e+10	  -1.267e+11	  0.957918	  0.793280	  0.856080	 -0.460334	  0.234989	  0.514357	  0.714272	 -0.474608	  0.050632	  0.527171	  0.848250	7.800783e+15	-2.024004e+16	0.000000e+00	0.000000e+00	0.000000e+00
 54.0152	       591	4.802522e+11	     2621.11	     1253.13	  195.54	409.245687	  212.34	   1.335e+11	  -2.132e+10	  -1.079e+11	  0.924465	  0.833799	 -0.258633	  0.805171	 -0.533675	  0.964300	  0.182673	 -0.191721	  0.056880	  0.564208	  0.823671	1.082683e+16	-2.561094e+16	0.000000e+00	0.000000e+00	0.000000e+00
 69.5163	       751	6.102698e+11	     1562.52	      627.06	  194.31	385.303537	  213.26	   1.333e+11	  -8.107e+10	  -2.081e+11	  0.916130	  0.851816	 -0.398586	  0.760691	 -0.512326	 -0.900118	 -0.217367	  0.377543	  0.175830	  0.611637	  0.771352	1.387710e+16	-3.073199e+16	0.000000e+00	0.000000e+00	0.000000e+00
 89.4660	       960	7.801052e+11	      937.01	      384.26	  193.65	359.520704	  211.45	   3.508e+11	  -2.838e+11	  -5.768e+11	  0.915222	  0.874022	  0.578788	 -0.551673	  0.600550	  0.811574	  0.461649	 -0.358089	 -0.079695	  0.694649	  0.714921	1.744038e+16	-3.661138e+16	0.000000e+00	0.000000e+00	0.000000e+00
115.1407	      1253	1.018200e+12	      573.73	      252.72	  195.02	332.322775	  208.79	   3.116e+11	  -3.262e+11	  -6.618e+11	  0.863545	  0.803039	  0.557474	 -0.422835	  0.714446	  0.712433	  0.685474	 -0.150216	  0.426218	 -0.592736	 -0.683375	2.219228e+16	-4.373247e+16	0.000000e+00	0.000000e+00	0.000000e+00
148.1835	      1594	1.295300e+12	      342.40	      137.98	  193.89	302.190024	  204.00	   2.863e+11	  -5.949e+11	  -1.201e+12	  0.807180	  0.735654	  0.506077	 -0.416637	  0.755182	  0.759169	  0.630724	 -0.160775	  0.409326	 -0.654676	 -0.635493	2.695145e+16	-5.067765e+16	0.000000e+00	0.000000e+00	0.000000e+00
